CODG0440.13I
     1.0            IONOSPHERE MAPS     GNSS                IONEX VERSION / TYPE
ADDNEQ2 V5.3        AIUB                17-FEB-13 20:26     PGM / RUN BY / DATE 
CODE'S GLOBAL IONOSPHERE MAPS FOR DAY 044, 2013             COMMENT             
Global ionosphere maps (GIM) are generated on a daily basis DESCRIPTION         
at CODE using data from about 150 GPS sites of the IGS and  DESCRIPTION         
other institutions. The vertical total electron content     DESCRIPTION         
(VTEC) is modeled in a solar-geomagnetic reference frame    DESCRIPTION         
using a spherical harmonics expansion up to degree and      DESCRIPTION         
order 15. Piece-wise linear functions are used for          DESCRIPTION         
representation in the time domain. The time spacing of      DESCRIPTION         
their vertices is 2 hours, conforming with the epochs of    DESCRIPTION         
the VTEC maps. Instrumental biases, so-called differential  DESCRIPTION         
P1-P2 code biases (DCB), for all GPS satellites and ground  DESCRIPTION         
stations are estimated as constant values for each day,     DESCRIPTION         
simultaneously with the 13 times 256, or 3328 parameters    DESCRIPTION         
used to represent the global VTEC distribution. The DCB     DESCRIPTION         
datum is defined by a zero-mean condition imposed on the    DESCRIPTION         
satellite bias estimates. P1-C1 bias corrections are taken  DESCRIPTION         
into account if needed. To convert line-of-sight TEC into   DESCRIPTION         
vertical TEC, a modified single-layer model mapping         DESCRIPTION         
function approximating the JPL extended slab model mapping  DESCRIPTION         
function is adopted. The mapping function is evaluated at   DESCRIPTION         
geodetic satellite elevation angles. For the computation of DESCRIPTION         
the ionospheric pierce points, a spherical layer with a     DESCRIPTION         
radius of 6821 km is assumed, implying geocentric, not      DESCRIPTION         
geodetic IONEX latitudes.                                   DESCRIPTION         
Note: These GIM results correspond to the results for the   DESCRIPTION         
middle day of a 3-day combination analysis solving for 37   DESCRIPTION         
times 256, or 9472 VTEC parameters and one common set of    DESCRIPTION         
satellite and 24-hour receiver DCB constants.               DESCRIPTION         
Contact address: stefan.schaer or code @aiub.unibe.ch       DESCRIPTION         
Web page:        www.aiub.unibe.ch/content/ionosphere/      DESCRIPTION         
Data archive:    ftp.unibe.ch/aiub/CODE/                    DESCRIPTION         
                 www.aiub.unibe.ch/download/CODE/           DESCRIPTION         
  2013     2    13     0     0     0                        EPOCH OF FIRST MAP  
  2013     2    14     0     0     0                        EPOCH OF LAST MAP   
  7200                                                      INTERVAL            
    13                                                      # OF MAPS IN FILE   
  NONE                                                      MAPPING FUNCTION    
    10.0                                                    ELEVATION CUTOFF    
One-way carrier phase leveled to code                       OBSERVABLES USED    
[...]
dubo ebre faa1 fair faiv fale flin flrs frdn func ganp glps COMMENT             
glsv gmsd gode godz gold gope gras graz guam guat guug harb COMMENT             
harv hers hert hnpt hob2 hofn hofs holm hrao hyde iddr ieng COMMENT             
iisc ilha impz ineg invk iqal iqui irkj irkt isba ispa joz2 COMMENT             
joze kat1 kely kerg khar kir0 kiru kit3 kokb kokv kosg kouc COMMENT             
kour lama lhaz lmmf lpal lpgs m0se mac1 mag0 mal2 mana mas1 COMMENT             
mat1 mate maui maw1 mbar mccj mcil mcm4 mdo1 mdvj medi mets COMMENT             
mgue mizu mkea mnls mobj mobk mobs monp morp mqzg nano nico COMMENT             
nist nklg nlib not1 novm nrc1 nril nrmd ntus nurk nya1 ohi2 COMMENT             
ohi3 onsa opmt ouag pado palv park pdel penc pert pfa2 pie1 COMMENT             
pimo pol2 pots pove prds ptbb qaq1 quin rabt ramo reso reun COMMENT             
reyk rio2 riop rosa roth salu sant savo sch2 scor scub sfer COMMENT             
shao smst sofi spt0 ssia sthl stjo stk2 str2 suth sutv suwn COMMENT             
sydn syog tabv tah1 tah2 tash thti thu2 thu3 tid1 tidb tixg COMMENT             
tixi tlse tn22 tow2 tro1 tsea tskb twtf txes uclu ulab unb3 COMMENT             
unbj unbn unbt unsa untr urum urus usn3 usno usud vaco vald COMMENT             
vill vtsp wab1 wab2 wes2 wgtn whit will wind wsrt wtza wtzr COMMENT             
wtzs wtzz wuhn xmis yakt yar2 yar3 yarr ycba yell yssk zeck COMMENT             
zim2 zimm zwe2                                              COMMENT             
                                                            END OF HEADER       
[from data line 4719]
    12                                                      START OF TEC MAP    
  2013     2    13    22     0     0                        EPOCH OF CURRENT MAP
    87.5-180.0 180.0   5.0 450.0                            LAT/LON1/LON2/DLON/H
   98   98   98   98   99   99   99  100  100  100  100  100  100  101  100  100
  100  100  100   99   99   98   98   97   97   96   96   95   95   94   94   93
   93   93   93   92   92   92   92   93   93   93   93   94   94   95   95   96
   96   97   97   98   98   99   99   99   99   99   99   99   99   99   99   99
   99   98   98   98   98   98   98   98   98
    85.0-180.0 180.0   5.0 450.0                            LAT/LON1/LON2/DLON/H
   90   91   92   93   94   95   96   98   99  100  101  102  103  104  104  104
  104  103  103  102  101   99   98   97   96   94   93   91   90   89   88   87
   86   85   85   84   84   84   84   84   85   85   86   87   89   90   91   93
   94   96   97   99  100  101  101  102  102  101  101  100   99   98   97   96
   95   93   92   91   91   90   90   90   90
    82.5-180.0 180.0   5.0 450.0                            LAT/LON1/LON2/DLON/H
   77   78   80   82   85   87   90   93   97   99  102  104  106  107  108  108
  108  107  106  104  102  101   99   97   95   93   91   89   88   86   85   83
   82   81   80   79   78   77   77   77   77   78   78   80   81   84   86   89
   91   94   97   99  101  103  104  105  104  104  102  100   98   95   92   90
   87   84   82   80   78   77   77   77   77
    80.0-180.0 180.0   5.0 450.0                            LAT/LON1/LON2/DLON/H
   64   66   68   71   75   79   84   89   94   98  103  106  109  111  111  111
  111  109  107  105  103  101   99   97   95   93   92   90   89   88   86   85
   84   83   81   80   78   76   75   73   72   72   72   72   74   76   79   82
   86   91   95   98  102  104  106  106  106  104  102   99   95   90   86   81
   77   73   69   67   65   63   63   63   64
    77.5-180.0 180.0   5.0 450.0                            LAT/LON1/LON2/DLON/H
   55   57   60   64   68   74   80   86   93   99  105  109  112  114  115  114
  112  110  107  104  102  100   98   97   96   95   94   94   94   93   93   92
   91   90   89   87   84   81   78   74   71   68   66   65   66   67   70   74
   79   84   89   94   99  102  104  105  105  103   99   95   89   84   78   72
   67   63   59   56   55   54   53   54   55
    75.0-180.0 180.0   5.0 450.0                            LAT/LON1/LON2/DLON/H
   56   58   60   64   68   73   80   87   95  102  109  115  118  120  119  117
  113  109  105  102   99   97   97   97   97   98   98   99  100  100  101  101
  101  101   99   97   94   89   84   77   71   66   61   58   57   57   60   63
   68   74   80   86   91   96   99  100   99   97   93   88   82   76   69   64
   59   56   53   52   52   52   53   54   56
    72.5-180.0 180.0   5.0 450.0                            LAT/LON1/LON2/DLON/H
   67   68   69   71   74   79   85   92  101  109  117  124  127  128  126  121
  115  108  103   98   95   95   95   97   99  100  102  103  103  104  105  106
  107  107  107  105  101   96   88   80   71   63   56   51   48   47   48   52
   56   62   68   75   80   85   89   90   90   88   84   79   73   66   61   56
   54   52   53   55   57   60   63   65   67
    70.0-180.0 180.0   5.0 450.0                            LAT/LON1/LON2/DLON/H
   86   87   86   86   87   90   95  102  111  121  130  137  141  141  136  129
  120  110  102   96   93   93   94   97  100  102  102  102  101  101  101  102
  103  105  106  105  102   96   88   78   68   58   49   43   39   37   38   40
   45   50   55   61   67   72   75   77   78   76   73   68   62   57   53   50
   50   53   57   63   69   76   81   85   86
    67.5-180.0 180.0   5.0 450.0                            LAT/LON1/LON2/DLON/H
  110  110  108  105  104  104  108  115  125  136  146  155  159  159  153  142
  130  117  106   98   94   93   95   98  100  100   98   95   91   88   86   86
   88   91   93   94   92   87   80   70   60   50   41   35   31   29   30   32
   35   39   43   48   52   57   61   63   64   64   61   57   53   48   46   46
   49   55   63   74   84   94  102  108  110
    65.0-180.0 180.0   5.0 450.0                            LAT/LON1/LON2/DLON/H
  133  133  130  126  122  121  124  130  140  153  165  176  181  181  174  162
  146  130  115  105   99   98   99  100  100   97   91   83   75   67   63   62
   63   67   71   74   74   71   65   57   48   40   33   29   26   25   26   27
   29   31   33   36   40   44   48   51   53   53   51   48   45   42   41   43
   49   58   70   84   99  112  123  130  133
    62.5-180.0 180.0   5.0 450.0                            LAT/LON1/LON2/DLON/H
  151  152  149  145  141  139  141  147  157  171  185  197  205  206  199  186
  168  149  132  119  111  107  105  104  100   93   82   69   56   45   37   34
   35   39   44   49   51   50   47   42   36   31   28   26   26   26   27   27
   27   27   28   29   31   35   39   42   45   46   45   43   40   38   39   42
   50   62   76   93  110  125  138  147  151
    60.0-180.0 180.0   5.0 450.0                            LAT/LON1/LON2/DLON/H
  164  166  165  162  159  157  158  164  174  188  203  217  227  230  225  212
  194  173  154  138  127  120  115  109  102   90   76   59   42   28   18   13
   13   16   22   27   31   33   32   30   28   27   28   29   31   33   33   32
   30   28   27   27   28   32   36   40   43   44   44   42   40   39   40   45
   53   66   82   99  117  133  147  158  164
    57.5-180.0 180.0   5.0 450.0                            LAT/LON1/LON2/DLON/H
  171  176  178  177  176  176  177  182  191  204  218  233  244  250  247  236
  219  199  178  160  146  136  127  118  107   93   76   57   39   24   12    6
    4    6   11   16   20   23   25   27   29   31   35   39   43   45   44   41
   37   33   31   30   31   35   39   43   46   48   48   46   44   43   45   50
   60   73   89  105  122  138  152  163  171
    55.0-180.0 180.0   5.0 450.0                            LAT/LON1/LON2/DLON/H
  176  184  189  192  194  195  198  202  209  219  231  244  256  263  263  256
  241  222  201  182  166  153  141  130  117  102   85   68   51   36   25   17
   13   13   15   19   22   26   30   34   39   44   50   56   59   60   57   53
   47   42   39   38   40   44   48   52   55   56   56   54   51   51   53   60
   70   83   98  113  127  141  154  166  176
    52.5-180.0 180.0   5.0 450.0                            LAT/LON1/LON2/DLON/H
  180  191  199  206  211  215  219  222  227  233  242  252  262  270  272  268
  257  240  221  202  185  171  157  144  131  118  104   90   77   64   53   43
   37   33   32   34   36   40   44   50   57   64   71   76   78   76   72   65
   58   52   50   50   52   57   61   65   67   67   66   63   61   61   64   71
   83   96  110  123  135  146  157  169  180
    50.0-180.0 180.0   5.0 450.0                            LAT/LON1/LON2/DLON/H
  186  198  209  219  227  233  239  243  246  248  252  258  266  272  276  274
  265  252  235  218  201  187  174  161  150  139  129  120  110  100   88   77
   68   61   57   56   57   60   65   71   78   85   91   95   95   91   84   76
   69   64   62   63   67   71   75   78   79   79   77   73   71   71   75   84
   97  111  124  135  144  152  162  173  186
    47.5-180.0 180.0   5.0 450.0                            LAT/LON1/LON2/DLON/H
  192  205  217  228  238  248  256  261  263  264  264  265  269  273  276  275
  269  258  243  228  214  201  190  180  171  163  157  150  143  133  121  108
   96   86   80   77   77   80   85   91   97  103  108  109  107  101   94   86
   79   76   75   77   80   84   87   89   90   89   87   83   80   80   85   96
  111  126  139  148  154  160  168  179  192
    45.0-180.0 180.0   5.0 450.0                            LAT/LON1/LON2/DLON/H
  197  209  221  231  242  254  266  274  278  278  276  274  274  275  276  275
  269  260  248  235  223  214  205  198  191  185  179  173  165  154  140  125
  112  101   95   92   92   95   99  104  109  113  116  115  112  107  100   94
   89   86   87   88   91   93   95   97   98   97   95   90   87   87   93  105
  121  138  151  159  163  166  173  184  197
    42.5-180.0 180.0   5.0 450.0                            LAT/LON1/LON2/DLON/H
  198  209  219  227  238  252  267  280  288  290  288  285  283  281  280  276
  271  262  251  240  232  225  220  214  207  200  192  183  171  157  141  125
  111  102   97   97   98  101  105  109  112  114  115  114  111  107  103   99
   97   96   96   97   97   97   98  100  102  103  101   97   93   92   98  111
  128  146  159  165  168  170  176  186  198
    40.0-180.0 180.0   5.0 450.0                            LAT/LON1/LON2/DLON/H
  197  206  212  218  227  242  260  278  290  297  298  297  294  291  287  282
  275  266  255  247  240  236  233  227  218  206  192  177  160  142  124  109
   98   92   92   95   98  102  105  107  108  108  108  107  105  104  103  103
  103  103  103  101   98   97   97  100  104  106  105  101   97   96  102  114
  132  149  162  168  169  171  176  186  197
    37.5-180.0 180.0   5.0 450.0                            LAT/LON1/LON2/DLON/H
  195  201  204  206  213  228  248  269  286  298  304  306  305  302  297  291
  282  273  263  255  250  247  244  236  223  204  182  158  136  115   99   87
   82   82   86   92   98  102  103  103  102  101   99   99   99  101  103  105
  107  107  106  101   96   92   92   97  104  108  108  105  101  100  105  117
  134  151  162  167  168  170  176  185  195
    35.0-180.0 180.0   5.0 450.0                            LAT/LON1/LON2/DLON/H
  196  200  199  198  202  216  236  259  279  294  305  311  314  312  308  301
  292  282  273  265  261  258  253  242  222  196  165  136  110   91   80   75
   76   82   90   98  104  107  107  105  102   99   97   96   98  101  104  107
  109  109  105   98   91   86   87   94  103  109  111  108  105  104  110  121
  137  152  163  168  169  171  178  187  196
    32.5-180.0 180.0   5.0 450.0                            LAT/LON1/LON2/DLON/H
  205  208  205  201  203  214  232  253  273  289  303  313  319  319  316  309
  301  292  284  277  272  268  260  244  218  185  150  118   95   82   80   84
   92  100  109  116  122  123  121  116  111  107  104  103  104  106  108  108
  108  107  102   94   85   80   82   91  102  109  111  109  108  110  117  128
  143  157  167  173  176  180  187  197  205
    30.0-180.0 180.0   5.0 450.0                            LAT/LON1/LON2/DLON/H
  225  227  224  220  220  228  242  258  274  289  303  314  321  323  320  314
  308  300  293  287  281  275  263  243  214  179  144  115   99   98  107  120
  132  140  144  147  150  149  145  139  132  127  124  121  120  117  114  110
  106  103   97   89   80   77   81   91  101  108  108  107  109  115  125  138
  152  165  176  184  190  197  206  217  225
    27.5-180.0 180.0   5.0 450.0                            LAT/LON1/LON2/DLON/H
  257  260  259  257  257  261  270  280  290  300  310  320  326  327  323  317
  311  305  299  294  287  278  263  241  212  180  151  132  127  139  160  181
  193  194  189  185  182  180  175  168  161  156  152  148  142  134  123  112
  103   97   92   86   79   77   82   92  101  104  102  102  108  119  134  149
  163  177  190  201  212  224  236  248  257
    25.0-180.0 180.0   5.0 450.0                            LAT/LON1/LON2/DLON/H
  297  304  307  308  309  312  316  320  323  327  332  337  339  336  329  320
  313  307  302  297  289  278  261  239  214  191  173  166  176  200  231  254
  259  249  231  217  210  206  202  196  190  186  183  177  167  151  132  114
  100   92   89   85   82   82   87   94   99   97   93   93  103  121  141  159
  175  190  205  222  240  257  273  286  297
    22.5-180.0 180.0   5.0 450.0                            LAT/LON1/LON2/DLON/H
  340  351  360  367  371  374  376  376  375  373  372  371  367  358  344  330
  319  310  304  298  288  275  258  239  223  212  208  214  234  266  301  320
  315  289  257  233  223  220  218  214  210  208  206  200  187  166  140  115
   97   89   88   88   88   89   93   97   96   88   81   82   96  119  145  166
  184  200  219  242  267  290  310  326  340
    20.0-180.0 180.0   5.0 450.0                            LAT/LON1/LON2/DLON/H
  377  394  411  424  433  438  441  441  439  434  429  422  412  396  374  353
  334  320  309  299  288  272  256  243  237  240  248  264  289  322  353  364
  344  301  256  227  216  216  217  215  214  215  215  211  197  174  144  116
   96   89   91   95   97   98  100   98   91   78   67   69   86  114  143  168
  187  206  229  257  289  319  343  361  377
    17.5-180.0 180.0   5.0 450.0                            LAT/LON1/LON2/DLON/H
  405  428  452  472  486  494  501  506  508  505  498  488  472  450  421  391
  363  340  322  307  291  274  258  251  257  271  289  308  329  355  375  373
  339  282  229  198  191  196  199  198  198  202  206  205  194  172  144  116
   98   93   98  105  108  108  106   99   86   69   57   59   78  107  138  164
  185  206  232  265  302  337  364  385  405
    15.0-180.0 180.0   5.0 450.0                            LAT/LON1/LON2/DLON/H
  420  448  478  504  522  535  548  561  572  574  569  558  541  516  483  445
  407  374  347  324  302  282  268  267  280  303  324  338  348  359  364  348
  303  239  184  157  157  166  171  170  169  174  181  184  178  162  138  116
  102  100  108  117  120  118  111  100   83   64   51   54   72  101  130  156
  179  202  231  267  307  344  374  397  420
    12.5-180.0 180.0   5.0 450.0                            LAT/LON1/LON2/DLON/H
  423  455  491  520  541  557  577  600  621  631  630  621  606  583  551  509
  465  422  384  352  324  301  287  289  308  333  351  353  346  339  328  301
  251  188  139  121  129  142  146  141  136  139  147  153  153  145  131  117
  109  112  122  131  133  127  116  101   82   64   53   56   72   97  123  149
  173  198  228  264  305  343  373  397  423
    10.0-180.0 180.0   5.0 450.0                            LAT/LON1/LON2/DLON/H
  420  455  493  525  545  563  588  620  649  666  670  665  656  641  614  576
  528  478  432  391  357  330  316  319  338  361  369  356  331  305  283  251
  203  149  113  106  122  137  136  124  113  111  116  123  128  128  125  121
  120  127  138  145  145  135  121  104   85   70   62   65   78   97  120  145
  171  198  228  263  301  338  368  392  420
     7.5-180.0 180.0   5.0 450.0                            LAT/LON1/LON2/DLON/H
  417  454  493  523  542  560  587  624  658  677  682  682  681  678  663  632
  588  536  484  438  399  369  354  356  372  387  384  356  314  276  248  219
  181  142  120  125  146  159  152  131  111  101  101  105  111  119  125  130
  135  144  154  160  156  143  126  108   92   80   76   80   90  103  121  146
  175  205  235  266  301  336  364  388  417
     5.0-180.0 180.0   5.0 450.0                            LAT/LON1/LON2/DLON/H
  420  457  496  524  540  555  582  618  650  666  669  670  678  687  687  670
  634  585  533  485  444  414  398  397  408  414  399  359  308  265  238  219
  195  173  166  180  202  210  194  165  137  119  109  107  111  121  134  144
  153  162  170  172  165  150  131  113   99   93   93   97  104  112  128  154
  187  220  249  277  308  339  366  391  420
     2.5-180.0 180.0   5.0 450.0                            LAT/LON1/LON2/DLON/H
  430  468  506  532  545  557  580  611  634  641  636  636  649  671  686  684
  660  620  573  527  488  459  443  440  444  442  418  372  320  280  262  254
  247  239  243  260  279  279  257  222  189  164  145  133  130  139  152  165
  173  179  183  181  171  153  133  116  106  103  107  113  118  124  139  168
  205  241  269  293  320  349  376  400  430
