CODG2580.11I
     1.0            IONOSPHERE MAPS     GNSS                IONEX VERSION / TYPE
ADDNEQ2 V5.1        AIUB                19-SEP-11 20:18     PGM / RUN BY / DATE 
CODE'S GLOBAL IONOSPHERE MAPS FOR DAY 258, 2011             COMMENT             
Global ionosphere maps (GIM) are generated on a daily basis DESCRIPTION         
at CODE using data from about 150 GPS sites of the IGS and  DESCRIPTION         
other institutions. The vertical total electron content     DESCRIPTION         
(VTEC) is modeled in a solar-geomagnetic reference frame    DESCRIPTION         
using a spherical harmonics expansion up to degree and      DESCRIPTION         
order 15. Piece-wise linear functions are used for          DESCRIPTION         
representation in the time domain. The time spacing of      DESCRIPTION         
their vertices is 2 hours, conforming with the epochs of    DESCRIPTION         
the VTEC maps. Instrumental biases, so-called differential  DESCRIPTION         
P1-P2 code biases (DCB), for all GPS satellites and ground  DESCRIPTION         
stations are estimated as constant values for each day,     DESCRIPTION         
simultaneously with the 13 times 256, or 3328 parameters    DESCRIPTION         
used to represent the global VTEC distribution. The DCB     DESCRIPTION         
datum is defined by a zero-mean condition imposed on the    DESCRIPTION         
satellite bias estimates. P1-C1 bias corrections are taken  DESCRIPTION         
into account if needed. To convert line-of-sight TEC into   DESCRIPTION         
vertical TEC, a modified single-layer model mapping         DESCRIPTION         
function approximating the JPL extended slab model mapping  DESCRIPTION         
function is adopted. The mapping function is evaluated at   DESCRIPTION         
geodetic satellite elevation angles. For the computation of DESCRIPTION         
the ionospheric pierce points, a spherical layer with a     DESCRIPTION         
radius of 6821 km is assumed, implying geocentric, not      DESCRIPTION         
geodetic IONEX latitudes.                                   DESCRIPTION         
Note: These GIM results correspond to the results for the   DESCRIPTION         
middle day of a 3-day combination analysis solving for 37   DESCRIPTION         
times 256, or 9472 VTEC parameters and one common set of    DESCRIPTION         
satellite and 24-hour receiver DCB constants.               DESCRIPTION         
Contact address: stefan.schaer or code @aiub.unibe.ch       DESCRIPTION         
Web site:        http://www.aiub.unibe.ch/ionosphere/       DESCRIPTION         
Data archive:    ftp://ftp.unibe.ch/aiub/CODE/              DESCRIPTION         
                 http://www.aiub.unibe.ch/download/CODE/    DESCRIPTION         
  2011     9    15     0     0     0                        EPOCH OF FIRST MAP  
  2011     9    16     0     0     0                        EPOCH OF LAST MAP   
  7200                                                      INTERVAL            
    13                                                      # OF MAPS IN FILE   
  NONE                                                      MAPPING FUNCTION    
    10.0                                                    ELEVATION CUTOFF    
One-way carrier phase leveled to code                       OBSERVABLES USED    
[...]
chti chur cnmr coco conz cpxf crar cro1 ctwn daej darw dav1 COMMENT             
dgar dgav drao dubo ebre eprt fair faiv fale flin flrs frdn COMMENT             
func ganp glsv gode godz gope gras graz guam guat guug harb COMMENT             
hers hert hnpt hob2 hofn holb holm hrao iddr ieng ilha ineg COMMENT             
invk iqal iqui irkj irkt isba ispa joz2 joze jplv karr kely COMMENT             
kerg khaj khar kir0 kiru kit3 kokb kokv kosg kouc kour lama COMMENT             
lhaz lmmf lpal lpgs m0se mac1 madr mal2 mana mas1 mat1 mate COMMENT             
maui maw1 mbar mccj mcm4 mdo1 mdvj medi mets metz mizu mkea COMMENT             
mnls mobk mobs morp mqzg mtka nano nico nist nklg not1 novm COMMENT             
nrc1 nril ntus nurk nya1 ohi2 ohi3 onsa opmt pado palv pbr2 COMMENT             
pbri pdel penc pert pfa2 pie1 pimo pol2 pots prds ptag ptbb COMMENT             
qaq1 quin rabt ramo rbay rcmn recf reso reun reyk rio2 riop COMMENT             
rosa roth salu sant savo sch2 scor sele sey1 sfer smst sofi COMMENT             
spt0 sthl stjo str2 suth sutv suwn syog tabv tah1 tah2 thti COMMENT             
thu2 thu3 tid1 tidb tixg tixi tlse tn22 tow2 tro1 tsea tskb COMMENT             
twtf txes uclu ufpr unb3 unbj unbn unbt unsa urum usn3 usno COMMENT             
usud vaco vald vesl vill vtsp wab1 wab2 wes2 wgtn whit will COMMENT             
wsrt wtza wtzr wtzs wtzz wuhn xian yakt yar2 yar3 yell yssk COMMENT             
zeck zim2 zimm zwe2                                         COMMENT             
                                                            END OF HEADER       
[from data line 1287]
     4                                                      START OF TEC MAP    
  2011     9    15     6     0     0                        EPOCH OF CURRENT MAP
    87.5-180.0 180.0   5.0 450.0                            LAT/LON1/LON2/DLON/H
  148  149  149  150  151  152  153  154  155  156  157  157  158  159  160  160
  160  161  161  161  161  160  160  160  159  158  158  157  157  156  155  155
  154  154  154  153  153  153  153  152  152  152  152  152  152  152  152  152
  152  151  151  151  151  151  150  150  150  149  149  149  148  148  148  148
  147  147  147  147  147  147  147  148  148
    85.0-180.0 180.0   5.0 450.0                            LAT/LON1/LON2/DLON/H
  136  136  137  139  141  143  145  148  150  153  156  158  160  162  164  165
  166  166  166  166  165  164  162  160  158  156  154  152  151  149  148  147
  146  145  145  145  145  145  146  146  147  148  148  149  150  150  151  151
  151  151  152  151  151  151  150  150  149  148  147  146  145  144  143  141
  140  139  138  137  136  135  135  135  136
    82.5-180.0 180.0   5.0 450.0                            LAT/LON1/LON2/DLON/H
  121  121  121  123  125  128  132  136  140  145  150  154  159  162  165  168
  169  169  169  167  165  162  159  155  151  146  143  139  136  133  132  131
  130  130  131  132  134  136  138  140  142  144  146  148  150  151  152  153
  154  155  156  156  156  156  156  155  155  153  152  150  148  146  143  140
  137  135  132  129  126  124  122  121  121
    80.0-180.0 180.0   5.0 450.0                            LAT/LON1/LON2/DLON/H
  108  106  106  106  108  111  115  120  126  133  139  146  152  157  162  165
  167  168  167  164  160  155  149  143  137  130  124  119  115  113  111  110
  111  113  116  119  123  127  131  135  139  143  146  149  152  154  157  158
  160  162  163  164  165  166  166  166  166  165  163  161  158  155  151  147
  143  138  133  128  123  119  115  111  108
    77.5-180.0 180.0   5.0 450.0                            LAT/LON1/LON2/DLON/H
  104   99   96   94   94   96   99  104  110  118  125  133  141  147  153  157
  160  160  159  156  151  144  136  128  119  111  104   98   93   91   90   91
   93   97  102  108  114  121  127  133  139  144  149  153  157  160  162  165
  167  170  172  174  176  178  179  180  180  180  179  177  174  170  166  161
  156  150  143  136  130  123  116  109  104
    75.0-180.0 180.0   5.0 450.0                            LAT/LON1/LON2/DLON/H
  109  101   94   89   86   86   88   91   97  104  111  119  127  134  140  144
  147  148  147  143  137  130  121  111  101   92   84   78   74   72   72   75
   79   85   92  100  108  117  125  133  141  147  153  157  161  164  167  170
  174  177  180  184  187  190  193  195  196  196  195  193  190  187  183  178
  172  166  160  153  145  136  127  118  109
    72.5-180.0 180.0   5.0 450.0                            LAT/LON1/LON2/DLON/H
  123  112  101   93   87   83   83   84   88   93   99  105  112  118  123  128
  131  132  132  128  123  115  106   96   85   76   68   63   60   59   61   65
   70   78   86   95  105  115  124  134  142  149  155  160  164  167  170  174
  178  182  186  191  196  200  203  206  207  208  207  205  203  200  196  192
  188  184  179  173  165  156  146  135  123
    70.0-180.0 180.0   5.0 450.0                            LAT/LON1/LON2/DLON/H
  143  128  114  103   93   87   84   83   85   88   91   95   99  103  107  110
  113  115  115  113  108  102   93   83   74   65   58   54   52   52   55   60
   66   73   82   91  101  112  122  133  142  150  156  161  164  167  171  174
  178  184  189  195  201  205  209  212  213  213  212  210  208  205  202  200
  198  196  194  191  186  179  169  156  143
    67.5-180.0 180.0   5.0 450.0                            LAT/LON1/LON2/DLON/H
  161  145  128  114  102   94   89   87   86   86   87   88   89   90   92   94
   96   98   99   98   95   90   82   74   65   58   52   49   49   50   53   58
   64   70   77   86   96  107  118  129  140  148  155  160  163  165  168  172
  177  183  189  196  202  207  210  212  212  211  209  207  204  202  200  199
  199  201  202  203  202  197  189  176  161
    65.0-180.0 180.0   5.0 450.0                            LAT/LON1/LON2/DLON/H
  174  156  138  122  109   99   93   90   89   87   86   85   83   81   80   81
   82   84   85   85   83   79   73   66   59   53   49   47   48   50   53   57
   61   66   72   79   89  100  112  125  137  146  153  158  160  162  164  168
  173  181  188  196  202  206  207  208  206  204  201  198  195  192  190  190
  192  197  202  207  210  208  202  190  174
    62.5-180.0 180.0   5.0 450.0                            LAT/LON1/LON2/DLON/H
  180  161  141  124  110  101   95   91   89   88   85   82   79   75   73   71
   71   72   73   74   73   70   65   59   53   49   46   45   47   49   51   54
   57   60   64   71   81   93  107  122  135  146  153  157  158  159  161  164
  171  179  187  195  201  204  204  202  199  196  192  188  184  181  179  179
  182  187  195  203  209  210  206  195  180
    60.0-180.0 180.0   5.0 450.0                            LAT/LON1/LON2/DLON/H
  178  159  140  122  109   99   93   89   87   85   82   79   76   72   68   65
   63   64   65   65   64   62   57   52   48   44   43   43   44   46   48   50
   51   53   57   64   74   88  104  121  136  148  155  158  159  158  159  163
  170  179  189  197  203  204  203  199  195  191  187  183  179  175  172  171
  172  178  186  195  202  206  203  193  178
    57.5-180.0 180.0   5.0 450.0                            LAT/LON1/LON2/DLON/H
  173  156  138  121  108   98   91   86   83   79   77   74   72   68   65   61
   59   58   58   58   57   54   50   46   43   41   40   41   42   43   44   45
   46   48   52   60   72   87  105  124  140  153  160  163  162  161  161  165
  173  183  194  203  208  209  206  202  197  193  190  187  183  179  174  171
  170  173  179  187  194  197  196  187  173
    55.0-180.0 180.0   5.0 450.0                            LAT/LON1/LON2/DLON/H
  172  157  141  126  114  104   95   87   80   74   70   68   67   65   62   58
   55   53   52   52   50   48   45   42   40   40   41   41   42   42   42   43
   44   46   52   61   74   91  110  130  147  160  167  170  169  167  167  171
  179  190  202  211  216  217  214  209  205  202  201  199  197  192  187  181
  177  176  178  183  187  190  189  183  172
    52.5-180.0 180.0   5.0 450.0                            LAT/LON1/LON2/DLON/H
  177  167  155  143  133  122  109   96   83   73   66   63   62   61   59   56
   52   49   48   47   46   45   43   42   42   44   45   46   46   45   44   44
   46   49   56   66   81   98  118  138  155  167  175  178  177  176  177  181
  190  201  212  221  227  228  225  222  219  218  218  218  217  213  207  200
  193  187  185  184  186  188  188  184  177
    50.0-180.0 180.0   5.0 450.0                            LAT/LON1/LON2/DLON/H
  191  186  180  173  164  152  137  117   97   79   67   61   59   59   57   53
   49   46   45   45   45   45   45   46   49   53   56   57   56   53   51   51
   53   57   65   75   90  107  126  145  161  173  182  186  188  188  190  195
  203  213  223  232  237  238  237  235  234  235  236  238  237  234  228  220
  211  203  196  191  189  189  191  192  191
    47.5-180.0 180.0   5.0 450.0                            LAT/LON1/LON2/DLON/H
  211  212  212  209  203  192  174  149  121   95   76   65   61   58   56   51
   47   44   43   45   47   50   52   56   61   67   71   72   70   66   63   62
   63   68   75   86   99  115  133  149  164  177  187  194  199  202  206  211
  218  226  234  241  245  247  247  247  247  249  251  252  251  248  243  236
  228  218  208  199  194  195  199  206  211
    45.0-180.0 180.0   5.0 450.0                            LAT/LON1/LON2/DLON/H
  231  238  242  242  239  230  212  185  152  119   93   77   68   62   57   52
   46   44   45   49   53   58   63   70   77   84   89   90   87   82   77   75
   76   79   85   94  106  121  137  152  166  179  191  202  211  218  223  228
  233  238  243  247  250  252  253  254  255  257  258  258  256  253  248  244
  237  228  217  206  200  201  209  221  231
    42.5-180.0 180.0   5.0 450.0                            LAT/LON1/LON2/DLON/H
  247  256  261  262  262  256  240  214  180  145  115   93   80   71   64   56
   50   48   50   56   63   70   77   85   93  101  106  107  103   97   91   87
   87   88   92  100  111  124  139  153  167  180  195  210  223  233  240  245
  249  251  252  253  253  254  256  258  259  259  258  256  252  247  244  241
  238  232  222  211  204  206  218  233  247
    40.0-180.0 180.0   5.0 450.0                            LAT/LON1/LON2/DLON/H
  256  262  262  261  260  257  247  227  198  165  135  111   95   84   74   66
   59   57   60   67   76   84   92  100  108  115  119  119  115  108  102   97
   94   94   96  102  112  126  141  155  169  184  200  218  235  248  256  261
  264  264  262  260  258  258  259  261  262  260  257  252  245  239  235  234
  235  232  225  214  208  212  225  243  256
    37.5-180.0 180.0   5.0 450.0                            LAT/LON1/LON2/DLON/H
  259  256  247  238  233  231  227  215  196  171  147  126  110   98   89   80
   74   71   74   81   90   98  106  112  119  124  127  126  122  116  109  103
   98   95   96  101  112  128  145  160  175  190  208  228  246  260  269  274
  277  278  276  272  269  268  268  269  269  266  261  254  245  236  231  231
  233  234  229  221  217  221  235  251  259
    35.0-180.0 180.0   5.0 450.0                            LAT/LON1/LON2/DLON/H
  261  245  222  201  189  184  183  181  173  162  147  133  121  112  105   97
   91   88   90   95  103  111  117  122  126  129  130  128  125  119  112  105
   99   95   94  101  114  133  152  169  184  199  217  237  254  268  277  284
  290  294  294  292  289  287  288  288  287  284  279  271  262  251  243  240
  243  245  243  237  234  240  252  263  261
    32.5-180.0 180.0   5.0 450.0                            LAT/LON1/LON2/DLON/H
  273  242  203  167  143  131  129  131  136  138  137  132  127  123  119  115
  110  106  105  108  114  121  127  131  132  131  130  128  124  119  112  105
   98   93   94  102  118  140  162  180  195  210  227  244  260  272  281  291
  302  312  319  321  320  320  321  321  320  318  315  310  302  289  277  271
  270  272  272  268  267  273  283  286  273
    30.0-180.0 180.0   5.0 450.0                            LAT/LON1/LON2/DLON/H
  303  259  205  155  117   93   82   84   95  109  120  126  128  128  129  129
  126  121  118  118  123  130  136  139  138  135  131  128  125  120  113  105
   97   93   95  105  124  149  173  192  206  219  234  250  262  272  281  294
  313  333  348  357  362  365  367  368  368  368  370  370  365  353  337  324
  318  318  318  316  317  324  331  327  303
    27.5-180.0 180.0   5.0 450.0                            LAT/LON1/LON2/DLON/H
  355  302  240  180  129   90   64   57   67   88  107  120  126  131  135  138
  136  132  126  125  129  138  146  150  148  143  137  133  129  124  115  106
   98   95   98  110  131  157  181  200  213  225  238  252  263  270  280  297
  324  354  381  399  411  418  423  426  427  431  438  445  446  435  415  396
  384  380  379  380  384  391  397  388  355
    25.0-180.0 180.0   5.0 450.0                            LAT/LON1/LON2/DLON/H
  428  373  311  249  190  134   89   65   67   86  108  122  128  132  136  140
  140  136  130  128  134  145  158  165  164  158  150  145  139  130  119  108
  100   98  102  115  136  162  185  203  215  227  240  253  262  269  280  301
  335  375  412  440  459  472  481  486  490  497  509  523  530  523  501  476
  458  450  449  452  460  470  475  463  428
    22.5-180.0 180.0   5.0 450.0                            LAT/LON1/LON2/DLON/H
  510  462  409  355  294  225  160  115  101  112  129  138  139  136  136  138
  138  135  131  131  139  155  173  184  185  179  170  162  153  140  125  111
  102  100  106  119  138  162  184  200  212  225  239  254  265  273  285  309
  348  395  441  476  502  520  533  541  547  556  572  592  605  601  580  553
  531  521  520  525  536  549  555  544  510
    20.0-180.0 180.0   5.0 450.0                            LAT/LON1/LON2/DLON/H
  589  553  516  477  423  348  265  199  167  165  173  172  161  148  139  136
  135  133  131  134  147  168  190  207  211  204  193  182  168  151  130  112
  102  100  106  118  136  157  178  194  207  221  240  258  273  283  297  323
  364  414  463  503  534  556  572  582  590  599  617  639  657  658  640  613
  591  581  581  589  603  618  626  617  589
    17.5-180.0 180.0   5.0 450.0                            LAT/LON1/LON2/DLON/H
  649  625  608  590  549  475  382  300  253  238  234  221  197  169  149  138
  134  133  135  142  159  183  210  230  236  230  217  201  183  160  134  112
  100   98  103  113  129  149  169  186  202  220  243  267  287  302  318  345
  384  432  480  521  552  576  594  606  614  623  638  660  679  685  673  651
  632  624  626  636  652  669  678  671  649
    15.0-180.0 180.0   5.0 450.0                            LAT/LON1/LON2/DLON/H
  678  664  664  666  643  578  485  396  340  315  301  278  241  201  168  149
  141  141  146  156  175  201  230  252  259  251  236  217  194  165  134  109
   95   92   96  106  120  140  162  182  201  224  252  281  306  326  346  372
  408  451  493  530  559  582  599  612  619  626  637  655  673  682  677  664
  653  649  653  663  679  696  704  697  678
    12.5-180.0 180.0   5.0 450.0                            LAT/LON1/LON2/DLON/H
  673  662  671  688  683  633  549  464  407  379  361  332  288  239  198  171
  159  158  165  177  195  220  248  268  275  266  248  226  198  165  131  104
   89   85   88   97  112  134  158  182  205  232  264  298  328  354  377  403
  435  470  505  535  559  577  592  604  610  614  620  631  645  656  660  657
  655  657  662  672  685  699  705  694  673
    10.0-180.0 180.0   5.0 450.0                            LAT/LON1/LON2/DLON/H
  642  624  631  654  662  630  563  490  440  416  399  373  330  281  236  204
  188  185  191  201  216  236  260  277  281  271  251  226  197  162  127   98
   83   78   80   89  106  131  160  187  213  242  277  313  348  379  407  434
  463  492  519  541  557  569  579  588  594  596  596  599  608  620  630  638
  645  652  658  665  675  685  686  669  642
     7.5-180.0 180.0   5.0 450.0                            LAT/LON1/LON2/DLON/H
  595  564  560  578  593  576  529  475  437  421  411  393  361  320  279  246
  226  219  220  225  234  248  265  278  279  267  246  220  191  157  122   95
   79   74   75   83  103  132  165  195  223  253  287  324  362  397  430  461
  489  514  535  550  559  563  566  571  576  577  573  570  572  583  598  614
  630  641  646  649  654  660  657  634  595
     5.0-180.0 180.0   5.0 450.0                            LAT/LON1/LON2/DLON/H
  551  503  480  486  499  494  466  430  406  398  398  393  378  353  322  291
  268  255  249  246  247  252  262  270  268  255  234  209  182  151  119   95
   79   72   72   80  102  135  170  202  230  258  291  328  366  406  444  480
  510  534  552  563  565  560  556  557  562  563  558  549  546  553  570  592
  613  626  630  628  629  632  627  600  551
     2.5-180.0 180.0   5.0 450.0                            LAT/LON1/LON2/DLON/H
  523  460  417  405  412  414  401  379  364  362  369  378  381  376  359  334
  308  287  272  260  251  249  253  256  252  237  217  196  172  145  119   97
   83   74   71   80  102  137  173  204  230  257  287  322  360  403  447  488
  522  548  566  576  573  561  549  545  550  554  549  538  530  534  550  573
  594  607  608  604  602  606  603  576  523
