CODG0440.13I
     1.0            IONOSPHERE MAPS     GNSS                IONEX VERSION / TYPE
ADDNEQ2 V5.3        AIUB                17-FEB-13 20:26     PGM / RUN BY / DATE 
CODE'S GLOBAL IONOSPHERE MAPS FOR DAY 044, 2013             COMMENT             
Global ionosphere maps (GIM) are generated on a daily basis DESCRIPTION         
at CODE using data from about 150 GPS sites of the IGS and  DESCRIPTION         
other institutions. The vertical total electron content     DESCRIPTION         
(VTEC) is modeled in a solar-geomagnetic reference frame    DESCRIPTION         
using a spherical harmonics expansion up to degree and      DESCRIPTION         
order 15. Piece-wise linear functions are used for          DESCRIPTION         
representation in the time domain. The time spacing of      DESCRIPTION         
their vertices is 2 hours, conforming with the epochs of    DESCRIPTION         
the VTEC maps. Instrumental biases, so-called differential  DESCRIPTION         
P1-P2 code biases (DCB), for all GPS satellites and ground  DESCRIPTION         
stations are estimated as constant values for each day,     DESCRIPTION         
simultaneously with the 13 times 256, or 3328 parameters    DESCRIPTION         
used to represent the global VTEC distribution. The DCB     DESCRIPTION         
datum is defined by a zero-mean condition imposed on the    DESCRIPTION         
satellite bias estimates. P1-C1 bias corrections are taken  DESCRIPTION         
into account if needed. To convert line-of-sight TEC into   DESCRIPTION         
vertical TEC, a modified single-layer model mapping         DESCRIPTION         
function approximating the JPL extended slab model mapping  DESCRIPTION         
function is adopted. The mapping function is evaluated at   DESCRIPTION         
geodetic satellite elevation angles. For the computation of DESCRIPTION         
the ionospheric pierce points, a spherical layer with a     DESCRIPTION         
radius of 6821 km is assumed, implying geocentric, not      DESCRIPTION         
geodetic IONEX latitudes.                                   DESCRIPTION         
Note: These GIM results correspond to the results for the   DESCRIPTION         
middle day of a 3-day combination analysis solving for 37   DESCRIPTION         
times 256, or 9472 VTEC parameters and one common set of    DESCRIPTION         
satellite and 24-hour receiver DCB constants.               DESCRIPTION         
Contact address: stefan.schaer or code @aiub.unibe.ch       DESCRIPTION         
Web page:        www.aiub.unibe.ch/content/ionosphere/      DESCRIPTION         
Data archive:    ftp.unibe.ch/aiub/CODE/                    DESCRIPTION         
                 www.aiub.unibe.ch/download/CODE/           DESCRIPTION         
  2013     2    13     0     0     0                        EPOCH OF FIRST MAP  
  2013     2    14     0     0     0                        EPOCH OF LAST MAP   
  7200                                                      INTERVAL            
    13                                                      # OF MAPS IN FILE   
  NONE                                                      MAPPING FUNCTION    
    10.0                                                    ELEVATION CUTOFF    
One-way carrier phase leveled to code                       OBSERVABLES USED    
[...]
dubo ebre faa1 fair faiv fale flin flrs frdn func ganp glps COMMENT             
glsv gmsd gode godz gold gope gras graz guam guat guug harb COMMENT             
harv hers hert hnpt hob2 hofn hofs holm hrao hyde iddr ieng COMMENT             
iisc ilha impz ineg invk iqal iqui irkj irkt isba ispa joz2 COMMENT             
joze kat1 kely kerg khar kir0 kiru kit3 kokb kokv kosg kouc COMMENT             
kour lama lhaz lmmf lpal lpgs m0se mac1 mag0 mal2 mana mas1 COMMENT             
mat1 mate maui maw1 mbar mccj mcil mcm4 mdo1 mdvj medi mets COMMENT             
mgue mizu mkea mnls mobj mobk mobs monp morp mqzg nano nico COMMENT             
nist nklg nlib not1 novm nrc1 nril nrmd ntus nurk nya1 ohi2 COMMENT             
ohi3 onsa opmt ouag pado palv park pdel penc pert pfa2 pie1 COMMENT             
pimo pol2 pots pove prds ptbb qaq1 quin rabt ramo reso reun COMMENT             
reyk rio2 riop rosa roth salu sant savo sch2 scor scub sfer COMMENT             
shao smst sofi spt0 ssia sthl stjo stk2 str2 suth sutv suwn COMMENT             
sydn syog tabv tah1 tah2 tash thti thu2 thu3 tid1 tidb tixg COMMENT             
tixi tlse tn22 tow2 tro1 tsea tskb twtf txes uclu ulab unb3 COMMENT             
unbj unbn unbt unsa untr urum urus usn3 usno usud vaco vald COMMENT             
vill vtsp wab1 wab2 wes2 wgtn whit will wind wsrt wtza wtzr COMMENT             
wtzs wtzz wuhn xmis yakt yar2 yar3 yarr ycba yell yssk zeck COMMENT             
zim2 zimm zwe2                                              COMMENT             
                                                            END OF HEADER       
[from data line 2574]
     7                                                      START OF TEC MAP    
  2013     2    13    12     0     0                        EPOCH OF CURRENT MAP
    87.5-180.0 180.0   5.0 450.0                            LAT/LON1/LON2/DLON/H
   75   76   77   77   78   79   79   80   80   80   81   81   81   81   81   81
   81   81   81   81   81   80   80   80   79   79   79   78   77   77   76   75
   74   73   73   72   71   70   69   68   67   66   65   64   64   63   62   62
   61   61   61   61   61   61   61   61   61   62   62   63   64   64   65   66
   67   68   69   70   71   72   73   74   75
    85.0-180.0 180.0   5.0 450.0                            LAT/LON1/LON2/DLON/H
   74   76   77   78   79   80   81   81   82   82   82   82   82   82   82   82
   82   82   82   82   82   82   82   82   82   82   82   81   81   80   79   78
   76   75   73   71   69   67   66   64   62   60   58   57   55   54   53   51
   50   49   49   48   48   48   48   48   48   49   49   50   52   53   55   56
   58   60   62   65   67   69   71   73   74
    82.5-180.0 180.0   5.0 450.0                            LAT/LON1/LON2/DLON/H
   71   73   75   77   78   78   79   79   78   78   77   76   76   75   75   75
   75   75   76   77   78   80   81   82   83   84   84   85   85   84   83   82
   80   78   76   74   71   68   66   63   61   59   56   54   52   51   49   47
   46   44   43   41   40   39   38   38   38   38   38   39   40   42   43   46
   48   51   54   57   60   63   66   69   71
    80.0-180.0 180.0   5.0 450.0                            LAT/LON1/LON2/DLON/H
   66   69   71   73   74   74   74   73   72   70   69   67   66   64   64   64
   64   65   67   69   72   75   78   81   83   86   88   89   90   90   90   89
   87   85   83   80   77   74   72   69   67   64   62   60   59   57   55   53
   51   49   46   44   41   39   37   35   33   32   31   31   31   32   34   36
   38   41   45   48   52   56   60   63   66
    77.5-180.0 180.0   5.0 450.0                            LAT/LON1/LON2/DLON/H
   61   64   66   68   69   69   69   67   65   63   60   58   55   53   52   52
   53   55   58   61   65   70   75   80   85   89   92   95   98   99   99   99
   97   96   93   91   88   85   83   81   79   78   77   76   75   73   72   70
   67   64   60   57   52   48   44   40   36   33   30   28   27   27   27   28
   31   33   37   40   45   49   53   57   61
    75.0-180.0 180.0   5.0 450.0                            LAT/LON1/LON2/DLON/H
   56   59   62   64   66   66   65   63   61   58   54   51   48   46   45   44
   46   48   52   56   62   68   74   81   87   93   98  102  105  108  109  109
  109  108  106  104  101  100   98   97   97   97   98   98   98   98   97   95
   91   87   82   76   70   64   57   51   45   39   34   31   28   26   25   25
   27   29   32   35   39   43   47   52   56
    72.5-180.0 180.0   5.0 450.0                            LAT/LON1/LON2/DLON/H
   52   56   59   61   63   64   64   62   60   56   53   49   46   43   42   42
   44   47   51   56   62   69   76   83   90   96  102  108  112  116  118  120
  120  120  119  117  116  115  115  115  117  119  121  124  125  126  125  122
  118  112  106   98   90   81   72   64   56   49   43   37   33   30   28   27
   27   28   30   33   36   40   44   48   52
    70.0-180.0 180.0   5.0 450.0                            LAT/LON1/LON2/DLON/H
   50   53   56   59   61   63   63   62   60   57   54   51   48   46   45   45
   47   50   54   59   65   72   78   85   92   99  105  111  116  121  125  127
  129  130  130  130  129  129  130  132  135  139  144  147  150  151  150  146
  141  133  125  115  105   95   85   75   66   58   51   45   40   35   33   31
   30   31   32   34   36   39   43   46   50
    67.5-180.0 180.0   5.0 450.0                            LAT/LON1/LON2/DLON/H
   48   51   54   56   59   61   62   62   61   59   56   54   52   50   50   51
   53   56   60   64   69   74   80   86   92   98  104  110  116  122  128  132
  136  138  139  139  139  140  141  144  149  154  160  165  169  170  167  162
  155  145  134  123  112  101   91   81   72   64   57   51   46   42   38   36
   35   35   36   37   39   41   43   45   48
    65.0-180.0 180.0   5.0 450.0                            LAT/LON1/LON2/DLON/H
   47   49   51   53   55   57   59   60   60   59   57   56   55   54   55   56
   59   61   64   68   72   75   80   84   89   94  100  107  114  121  128  135
  140  144  146  146  146  146  148  151  157  163  170  176  179  179  175  168
  158  146  134  122  110   99   90   81   73   66   60   54   50   46   43   41
   40   39   39   40   41   43   44   46   47
    62.5-180.0 180.0   5.0 450.0                            LAT/LON1/LON2/DLON/H
   46   47   47   48   50   52   54   55   55   55   55   55   55   56   57   59
   62   64   66   68   71   74   77   80   84   89   95  102  110  119  128  136
  143  148  151  151  151  150  151  154  159  166  174  179  182  181  175  165
  153  140  126  113  102   92   84   76   70   64   59   55   51   48   46   44
   43   42   42   43   44   45   46   46   46
    60.0-180.0 180.0   5.0 450.0                            LAT/LON1/LON2/DLON/H
   47   46   45   44   45   46   47   48   49   49   50   50   52   54   56   58
   61   62   64   65   67   69   72   75   79   84   90   97  107  117  128  138
  147  153  156  156  154  153  153  155  160  166  174  179  181  178  170  158
  144  130  116  104   93   85   78   71   66   62   58   55   52   50   48   46
   44   44   44   44   46   47   48   47   47
    57.5-180.0 180.0   5.0 450.0                            LAT/LON1/LON2/DLON/H
   49   47   45   43   41   41   41   41   41   42   43   44   46   49   51   54
   56   57   59   60   61   63   66   70   75   81   88   96  107  118  130  142
  152  159  162  162  159  157  155  156  160  167  173  178  179  174  165  152
  137  123  110   99   90   82   76   71   66   62   59   56   54   52   50   48
   46   45   45   46   48   50   51   50   49
    55.0-180.0 180.0   5.0 450.0                            LAT/LON1/LON2/DLON/H
   54   51   48   45   42   40   38   37   37   37   38   39   41   43   46   48
   50   51   52   53   56   59   63   69   75   82   90  100  111  123  136  148
  159  166  169  169  166  163  160  161  164  169  175  179  179  174  164  151
  136  123  111  102   94   88   82   76   71   67   64   62   60   58   55   53
   50   48   48   49   51   54   55   56   54
    52.5-180.0 180.0   5.0 450.0                            LAT/LON1/LON2/DLON/H
   62   60   56   52   48   44   41   38   37   36   37   38   39   40   42   43
   44   45   46   49   53   58   64   72   79   88   97  108  119  131  144  156
  166  173  177  177  175  172  170  169  172  176  180  183  182  177  167  155
  142  131  122  115  108  101   94   88   82   78   74   71   69   67   64   61
   58   55   53   54   56   60   62   63   62
    50.0-180.0 180.0   5.0 450.0                            LAT/LON1/LON2/DLON/H
   72   71   68   64   59   54   49   45   43   41   41   41   41   41   41   41
   42   42   44   48   54   61   70   79   88   98  108  119  130  141  153  163
  172  180  184  186  185  184  182  182  183  186  189  190  188  183  174  163
  153  145  139  133  127  119  110  102   96   90   87   84   81   79   76   72
   68   64   62   61   64   67   70   72   72
    47.5-180.0 180.0   5.0 450.0                            LAT/LON1/LON2/DLON/H
   82   82   81   78   73   68   62   57   53   51   50   49   47   46   44   43
   43   44   47   52   59   68   79   89  100  110  121  131  142  151  160  168
  177  184  190  194  196  196  197  197  198  198  199  198  195  189  181  172
  165  160  156  152  145  135  124  115  107  102   99   96   94   92   89   85
   80   75   71   70   72   75   79   81   82
    45.0-180.0 180.0   5.0 450.0                            LAT/LON1/LON2/DLON/H
   90   91   92   90   87   82   76   70   66   63   62   60   57   54   51   49
   48   49   53   59   67   78   89  101  112  123  133  143  152  159  165  171
  178  186  194  201  206  210  212  213  213  212  209  206  201  195  187  180
  175  172  170  166  157  145  131  120  113  109  107  106  104  102   99   95
   90   84   79   77   78   81   84   88   90
    42.5-180.0 180.0   5.0 450.0                            LAT/LON1/LON2/DLON/H
   93   96   98   99   97   93   87   81   77   75   73   71   68   63   60   57
   56   57   61   68   77   88  100  112  123  134  144  153  160  164  167  171
  177  186  197  207  217  224  228  231  230  226  221  215  208  200  192  185
  181  180  178  173  162  146  130  118  111  110  110  110  109  107  104  100
   95   89   84   81   80   82   86   89   93
    40.0-180.0 180.0   5.0 450.0                            LAT/LON1/LON2/DLON/H
   89   94   98  100  100   98   93   88   85   83   83   81   77   73   69   66
   65   66   69   76   86   97  109  120  131  141  152  160  165  167  167  170
  177  188  203  217  229  239  246  249  248  243  235  226  218  209  200  192
  187  185  183  176  161  141  121  109  104  106  109  110  109  107  104  100
   95   89   83   79   77   79   81   85   89
    37.5-180.0 180.0   5.0 450.0                            LAT/LON1/LON2/DLON/H
   81   86   91   95   97   96   92   89   87   87   88   87   84   81   77   75
   74   74   76   83   92  103  114  125  136  147  157  164  168  168  168  171
  180  195  214  231  246  258  266  271  270  265  256  246  236  226  214  204
  197  194  190  180  161  136  114  100   98  102  106  108  107  103  100   95
   90   83   76   71   69   69   72   76   81
    35.0-180.0 180.0   5.0 450.0                            LAT/LON1/LON2/DLON/H
   69   75   80   85   88   88   86   85   85   87   89   90   89   86   84   82
   80   79   81   86   95  106  117  128  139  150  160  167  170  170  171  176
  189  210  233  254  270  282  291  297  298  294  286  276  267  255  242  229
  219  214  208  194  171  141  115  100   98  103  109  110  107  102   96   90
   83   75   67   61   57   57   60   64   69
    32.5-180.0 180.0   5.0 450.0                            LAT/LON1/LON2/DLON/H
   59   64   68   73   76   78   78   78   79   83   88   91   91   90   89   87
   84   82   82   86   95  106  118  130  142  153  163  170  172  174  177  187
  206  233  261  284  300  311  321  329  333  332  326  320  312  301  286  270
  257  250  241  225  198  164  133  116  112  117  121  121  115  107   99   91
   82   71   61   52   47   46   48   53   59
    30.0-180.0 180.0   5.0 450.0                            LAT/LON1/LON2/DLON/H
   53   57   60   62   65   68   69   71   74   80   86   90   92   92   91   89
   85   81   80   84   94  106  118  131  145  157  167  173  177  180  188  204
  230  264  296  321  336  345  354  364  372  376  376  374  370  360  345  327
  312  303  293  275  244  206  172  151  144  145  146  143  134  124  113  102
   90   77   63   51   43   40   42   47   53
    27.5-180.0 180.0   5.0 450.0                            LAT/LON1/LON2/DLON/H
   53   56   56   57   58   61   64   67   71   77   84   89   91   92   91   89
   84   78   76   81   92  106  120  134  149  162  172  178  183  190  203  226
  260  299  336  361  373  379  387  399  412  423  429  433  433  427  412  393
  378  369  359  340  308  267  229  203  191  187  183  176  165  153  141  128
  113   95   77   61   49   43   44   48   53
    25.0-180.0 180.0   5.0 450.0                            LAT/LON1/LON2/DLON/H
   62   62   60   57   57   60   64   67   71   77   83   88   90   90   89   86
   79   73   72   78   91  107  123  139  154  168  177  184  190  202  221  251
  290  335  373  398  407  410  417  431  449  465  478  488  493  490  477  459
  446  438  430  411  378  336  295  265  246  236  228  217  206  193  181  166
  149  128  106   84   67   57   55   58   62
    22.5-180.0 180.0   5.0 450.0                            LAT/LON1/LON2/DLON/H
   76   75   69   63   62   64   67   70   73   78   83   87   87   86   84   80
   73   67   67   76   93  111  128  144  160  174  183  190  200  215  240  275
  319  366  405  428  435  435  440  455  475  496  514  529  539  539  528  514
  504  499  493  475  443  401  359  325  301  284  271  259  248  238  227  213
  195  172  146  120   97   82   75   75   76
    20.0-180.0 180.0   5.0 450.0                            LAT/LON1/LON2/DLON/H
   94   90   81   73   70   71   73   75   76   79   82   84   82   79   76   71
   65   60   63   76   96  116  133  150  166  179  189  198  210  231  260  298
  342  388  426  447  452  449  453  468  490  512  533  551  563  566  558  548
  542  542  538  522  491  451  410  374  345  323  307  294  285  278  271  260
  243  220  192  162  135  113  100   96   94
    17.5-180.0 180.0   5.0 450.0                            LAT/LON1/LON2/DLON/H
  112  105   94   84   78   78   80   79   78   79   80   78   75   70   66   62
   57   55   61   78  101  122  139  154  170  184  195  206  222  247  280  318
  360  402  436  455  458  454  456  470  491  513  533  552  564  568  563  557
  557  561  560  545  516  479  441  405  373  347  328  317  311  309  305  298
  284  263  236  205  174  146  127  118  112
    15.0-180.0 180.0   5.0 450.0                            LAT/LON1/LON2/DLON/H
  128  118  105   92   85   84   84   82   79   76   75   72   66   60   57   54
   51   52   62   83  107  128  143  157  173  188  202  216  236  265  299  335
  371  407  437  453  455  452  454  466  484  502  519  535  547  550  546  545
  551  559  560  546  518  485  451  417  384  356  336  326  323  323  324  320
  311  294  271  242  209  177  153  137  128
    12.5-180.0 180.0   5.0 450.0                            LAT/LON1/LON2/DLON/H
  140  128  113   99   90   87   86   82   76   72   69   64   57   51   49   48
   48   52   66   89  114  134  147  159  175  192  209  227  252  284  318  349
  377  406  431  445  448  446  449  460  474  487  499  511  520  521  519  521
  532  545  547  532  507  478  448  416  383  353  333  323  321  323  325  325
  320  309  291  266  236  203  174  153  140
    10.0-180.0 180.0   5.0 450.0                            LAT/LON1/LON2/DLON/H
  149  135  119  103   92   87   84   79   72   67   62   57   50   45   45   47
   50   57   73   97  121  139  149  160  176  196  216  240  269  303  335  360
  381  402  422  436  441  443  448  458  468  475  482  490  495  494  492  497
  513  530  533  518  494  468  442  412  378  347  326  315  311  310  312  313
  312  307  296  278  252  221  189  165  149
     7.5-180.0 180.0   5.0 450.0                            LAT/LON1/LON2/DLON/H
  156  141  125  108   94   87   81   75   67   61   57   53   47   43   45   49
   55   64   81  105  128  143  152  161  178  200  225  252  285  320  350  370
  384  398  414  428  437  444  454  464  471  473  475  480  482  479  477  485
  505  525  529  515  491  468  445  416  380  347  323  308  300  294  291  292
  293  292  287  278  259  232  201  175  156
     5.0-180.0 180.0   5.0 450.0                            LAT/LON1/LON2/DLON/H
  165  150  133  114   97   87   79   72   63   58   54   51   47   45   49   55
   63   74   91  113  134  147  154  163  181  205  233  263  298  333  360  376
  385  396  410  424  437  451  466  479  484  483  482  484  485  481  479  490
  514  537  542  529  507  486  464  433  395  358  330  311  295  281  272  269
  270  271  272  270  259  238  210  184  165
     2.5-180.0 180.0   5.0 450.0                            LAT/LON1/LON2/DLON/H
  177  163  145  124  103   89   79   70   62   56   53   52   50   50   54   63
   72   83  100  121  139  151  157  166  185  210  239  271  305  338  363  377
  384  394  408  423  440  461  483  500  506  503  501  502  503  499  498  511
  538  563  571  560  540  521  498  464  422  381  349  324  300  278  262  254
  252  253  256  259  256  242  218  195  177
