CODG0440.13I
     1.0            IONOSPHERE MAPS     GNSS                IONEX VERSION / TYPE
ADDNEQ2 V5.3        AIUB                17-FEB-13 20:26     PGM / RUN BY / DATE 
CODE'S GLOBAL IONOSPHERE MAPS FOR DAY 044, 2013             COMMENT             
Global ionosphere maps (GIM) are generated on a daily basis DESCRIPTION         
at CODE using data from about 150 GPS sites of the IGS and  DESCRIPTION         
other institutions. The vertical total electron content     DESCRIPTION         
(VTEC) is modeled in a solar-geomagnetic reference frame    DESCRIPTION         
using a spherical harmonics expansion up to degree and      DESCRIPTION         
order 15. Piece-wise linear functions are used for          DESCRIPTION         
representation in the time domain. The time spacing of      DESCRIPTION         
their vertices is 2 hours, conforming with the epochs of    DESCRIPTION         
the VTEC maps. Instrumental biases, so-called differential  DESCRIPTION         
P1-P2 code biases (DCB), for all GPS satellites and ground  DESCRIPTION         
stations are estimated as constant values for each day,     DESCRIPTION         
simultaneously with the 13 times 256, or 3328 parameters    DESCRIPTION         
used to represent the global VTEC distribution. The DCB     DESCRIPTION         
datum is defined by a zero-mean condition imposed on the    DESCRIPTION         
satellite bias estimates. P1-C1 bias corrections are taken  DESCRIPTION         
into account if needed. To convert line-of-sight TEC into   DESCRIPTION         
vertical TEC, a modified single-layer model mapping         DESCRIPTION         
function approximating the JPL extended slab model mapping  DESCRIPTION         
function is adopted. The mapping function is evaluated at   DESCRIPTION         
geodetic satellite elevation angles. For the computation of DESCRIPTION         
the ionospheric pierce points, a spherical layer with a     DESCRIPTION         
radius of 6821 km is assumed, implying geocentric, not      DESCRIPTION         
geodetic IONEX latitudes.                                   DESCRIPTION         
Note: These GIM results correspond to the results for the   DESCRIPTION         
middle day of a 3-day combination analysis solving for 37   DESCRIPTION         
times 256, or 9472 VTEC parameters and one common set of    DESCRIPTION         
satellite and 24-hour receiver DCB constants.               DESCRIPTION         
Contact address: stefan.schaer or code @aiub.unibe.ch       DESCRIPTION         
Web page:        www.aiub.unibe.ch/content/ionosphere/      DESCRIPTION         
Data archive:    ftp.unibe.ch/aiub/CODE/                    DESCRIPTION         
                 www.aiub.unibe.ch/download/CODE/           DESCRIPTION         
  2013     2    13     0     0     0                        EPOCH OF FIRST MAP  
  2013     2    14     0     0     0                        EPOCH OF LAST MAP   
  7200                                                      INTERVAL            
    13                                                      # OF MAPS IN FILE   
  NONE                                                      MAPPING FUNCTION    
    10.0                                                    ELEVATION CUTOFF    
One-way carrier phase leveled to code                       OBSERVABLES USED    
[...]
dubo ebre faa1 fair faiv fale flin flrs frdn func ganp glps COMMENT             
glsv gmsd gode godz gold gope gras graz guam guat guug harb COMMENT             
harv hers hert hnpt hob2 hofn hofs holm hrao hyde iddr ieng COMMENT             
iisc ilha impz ineg invk iqal iqui irkj irkt isba ispa joz2 COMMENT             
joze kat1 kely kerg khar kir0 kiru kit3 kokb kokv kosg kouc COMMENT             
kour lama lhaz lmmf lpal lpgs m0se mac1 mag0 mal2 mana mas1 COMMENT             
mat1 mate maui maw1 mbar mccj mcil mcm4 mdo1 mdvj medi mets COMMENT             
mgue mizu mkea mnls mobj mobk mobs monp morp mqzg nano nico COMMENT             
nist nklg nlib not1 novm nrc1 nril nrmd ntus nurk nya1 ohi2 COMMENT             
ohi3 onsa opmt ouag pado palv park pdel penc pert pfa2 pie1 COMMENT             
pimo pol2 pots pove prds ptbb qaq1 quin rabt ramo reso reun COMMENT             
reyk rio2 riop rosa roth salu sant savo sch2 scor scub sfer COMMENT             
shao smst sofi spt0 ssia sthl stjo stk2 str2 suth sutv suwn COMMENT             
sydn syog tabv tah1 tah2 tash thti thu2 thu3 tid1 tidb tixg COMMENT             
tixi tlse tn22 tow2 tro1 tsea tskb twtf txes uclu ulab unb3 COMMENT             
unbj unbn unbt unsa untr urum urus usn3 usno usud vaco vald COMMENT             
vill vtsp wab1 wab2 wes2 wgtn whit will wind wsrt wtza wtzr COMMENT             
wtzs wtzz wuhn xmis yakt yar2 yar3 yarr ycba yell yssk zeck COMMENT             
zim2 zimm zwe2                                              COMMENT             
                                                            END OF HEADER       
     1                                                      START OF TEC MAP    
  2013     2    13     0     0     0                        EPOCH OF CURRENT MAP
    87.5-180.0 180.0   5.0 450.0                            LAT/LON1/LON2/DLON/H
   64   65   66   66   67   68   68   69   69   69   70   70   70   70   70   69
   69   69   68   67   67   66   65   64   63   62   61   60   59   59   58   57
   56   55   54   54   53   53   52   52   52   52   52   52   52   52   52   52
   53   53   53   53   54   54   54   55   55   56   56   56   57   57   58   59
   59   60   60   61   62   62   63   64   64
    85.0-180.0 180.0   5.0 450.0                            LAT/LON1/LON2/DLON/H
   71   72   74   76   77   79   80   81   83   84   84   85   85   86   85   85
   85   84   83   81   80   78   76   74   72   70   67   65   63   60   58   56
   54   52   51   50   49   48   47   47   47   47   47   47   48   49   49   50
   50   51   52   52   53   53   54   54   55   55   55   56   56   57   58   59
   60   61   62   63   65   66   68   69   71
    82.5-180.0 180.0   5.0 450.0                            LAT/LON1/LON2/DLON/H
   79   82   84   87   90   92   94   97   99  100  102  103  104  104  104  103
  103  101  100   98   95   93   90   86   83   79   76   72   68   64   61   58
   55   52   49   47   46   45   44   43   43   44   44   45   46   47   48   49
   50   51   52   53   53   54   54   54   54   54   54   54   55   56   57   58
   60   61   64   66   68   71   74   76   79
    80.0-180.0 180.0   5.0 450.0                            LAT/LON1/LON2/DLON/H
   90   94   98  101  105  108  111  113  116  118  120  121  122  122  121  121
  119  117  115  113  110  106  103   99   95   90   86   81   76   71   66   62
   57   54   50   48   45   43   42   41   41   41   42   43   44   45   47   48
   50   51   52   53   53   53   52   52   51   51   50   50   51   52   54   56
   59   62   66   70   74   78   82   86   90
    77.5-180.0 180.0   5.0 450.0                            LAT/LON1/LON2/DLON/H
  105  110  115  119  122  126  129  131  134  136  137  138  137  137  135  133
  130  128  125  122  119  115  112  108  104   99   94   89   84   78   72   67
   62   57   53   49   46   44   42   40   39   38   38   39   40   42   43   45
   47   49   50   50   50   49   48   47   45   44   43   43   44   46   49   53
   57   63   69   75   81   88   94  100  105
    75.0-180.0 180.0   5.0 450.0                            LAT/LON1/LON2/DLON/H
  123  129  134  138  142  145  147  149  151  152  152  151  149  146  142  138
  134  129  125  122  119  117  114  112  108  105  100   95   89   83   77   71
   66   61   56   52   48   44   41   38   36   34   33   33   34   35   37   39
   41   43   44   45   45   43   41   39   37   35   34   35   36   40   44   50
   57   65   74   82   92  100  109  116  123
    72.5-180.0 180.0   5.0 450.0                            LAT/LON1/LON2/DLON/H
  142  149  154  158  161  163  165  166  167  167  165  162  157  151  144  136
  128  122  117  113  111  110  109  108  106  104  100   96   91   85   79   72
   67   61   56   52   47   43   39   35   31   28   26   25   24   25   27   30
   33   36   38   39   38   37   34   31   29   27   26   27   30   35   42   50
   59   69   80   91  103  114  124  134  142
    70.0-180.0 180.0   5.0 450.0                            LAT/LON1/LON2/DLON/H
  159  167  172  176  178  179  180  180  180  179  176  171  163  153  141  129
  118  109  102   98   97   97   98   99   99   97   95   91   86   80   74   68
   63   57   53   48   44   39   35   30   25   21   17   15   14   15   17   20
   24   28   31   33   33   32   29   26   23   21   21   24   28   35   43   53
   64   76   88  101  114  126  139  150  159
    67.5-180.0 180.0   5.0 450.0                            LAT/LON1/LON2/DLON/H
  172  180  186  189  190  190  190  190  190  188  184  177  167  153  137  121
  106   94   86   82   81   82   84   86   86   86   83   80   75   70   64   58
   53   48   44   40   36   32   28   23   18   13    9    6    5    6    8   13
   18   23   27   30   31   30   27   24   22   21   22   26   32   41   51   62
   73   85   97  110  123  136  149  161  172
    65.0-180.0 180.0   5.0 450.0                            LAT/LON1/LON2/DLON/H
  178  187  193  196  197  196  195  194  194  193  190  182  170  154  135  116
   98   84   75   71   70   70   72   73   72   71   68   64   60   55   50   45
   40   36   32   29   27   24   20   16   12    7    3    1    0    1    4    9
   15   21   27   31   32   32   30   27   25   25   28   34   42   53   64   75
   86   97  107  117  129  141  154  167  178
    62.5-180.0 180.0   5.0 450.0                            LAT/LON1/LON2/DLON/H
  179  189  195  198  197  195  194  193  194  195  193  187  175  158  137  116
   97   83   73   68   66   65   64   62   59   55   52   48   44   40   36   31
   27   24   21   19   17   16   14   12    9    6    3    2    1    3    6   11
   17   24   30   34   37   37   36   34   33   34   38   46   57   69   81   92
  101  109  117  124  132  142  154  167  179
    60.0-180.0 180.0   5.0 450.0                            LAT/LON1/LON2/DLON/H
  177  187  194  196  195  192  189  188  190  192  193  189  179  164  144  123
  105   91   81   75   71   67   62   55   49   42   37   34   31   28   26   23
   19   16   14   12   12   12   12   12   12   11   10   10   11   12   15   19
   24   30   36   40   43   44   43   42   43   45   51   61   73   86   98  109
  117  123  127  131  136  143  153  165  177
    57.5-180.0 180.0   5.0 450.0                            LAT/LON1/LON2/DLON/H
  176  186  194  196  194  189  184  182  184  188  191  191  184  170  153  135
  118  106   97   90   83   75   64   53   43   34   28   26   25   24   24   22
   19   16   14   13   13   14   16   19   21   23   24   26   27   29   30   33
   35   39   43   47   49   51   51   52   53   56   63   74   87  101  113  124
  131  135  137  139  141  146  153  164  176
    55.0-180.0 180.0   5.0 450.0                            LAT/LON1/LON2/DLON/H
  179  190  198  200  197  191  184  180  180  184  189  190  187  177  163  148
  134  124  115  107   97   85   70   55   42   32   27   26   28   30   31   30
   27   24   22   21   21   24   27   31   35   40   43   47   49   50   50   49
   49   49   50   53   55   57   58   60   62   66   74   85   98  111  124  134
  141  145  148  148  149  152  158  167  179
    52.5-180.0 180.0   5.0 450.0                            LAT/LON1/LON2/DLON/H
  188  199  208  212  209  200  191  183  181  183  187  190  189  182  171  159
  148  139  131  122  109   94   76   60   46   38   35   36   40   44   46   45
   42   39   36   35   35   38   42   47   53   59   65   69   72   73   71   67
   63   60   58   58   59   62   64   66   69   74   81   92  104  117  129  139
  147  153  157  160  162  164  169  177  188
    50.0-180.0 180.0   5.0 450.0                            LAT/LON1/LON2/DLON/H
  201  214  225  230  228  219  207  195  188  187  188  191  190  185  177  167
  157  149  140  129  115   99   82   67   56   51   50   53   58   62   64   63
   59   55   52   51   51   54   59   64   71   78   85   91   94   94   91   85
   77   70   65   62   63   65   68   71   75   80   87   97  108  119  129  139
  148  157  165  171  175  179  183  191  201
    47.5-180.0 180.0   5.0 450.0                            LAT/LON1/LON2/DLON/H
  216  230  243  251  251  243  230  215  204  197  194  194  192  187  180  170
  160  151  141  129  116  101   88   77   71   69   71   74   77   79   79   77
   72   68   65   64   65   68   73   79   85   93  101  108  112  112  108  101
   91   80   72   67   66   68   72   76   81   86   93  102  111  119  128  136
  146  158  169  180  188  194  199  206  216
    45.0-180.0 180.0   5.0 450.0                            LAT/LON1/LON2/DLON/H
  228  243  258  270  274  268  256  240  224  212  204  200  196  190  182  171
  159  148  136  124  113  102   95   91   90   90   92   93   92   91   88   83
   78   74   72   72   74   77   82   88   95  103  112  119  124  125  122  115
  104   91   79   71   69   72   76   82   87   93  100  108  115  122  127  134
  143  156  171  186  197  205  211  218  228
    42.5-180.0 180.0   5.0 450.0                            LAT/LON1/LON2/DLON/H
  233  248  266  281  289  288  279  263  246  229  217  209  202  195  184  171
  157  143  131  120  112  106  105  107  109  110  109  105  100   93   87   81
   77   74   73   74   77   81   85   91   98  107  117  124  130  133  132  126
  114  100   86   77   73   75   81   87   94  102  109  117  123  127  130  134
  142  154  170  187  201  211  217  223  233
    40.0-180.0 180.0   5.0 450.0                            LAT/LON1/LON2/DLON/H
  231  245  263  280  293  297  293  281  264  246  231  219  210  201  189  174
  157  142  130  121  116  116  119  123  126  124  118  108   98   88   80   74
   71   69   70   72   76   79   84   90   98  108  117  126  132  136  137  133
  123  108   93   81   77   79   85   93  101  110  119  128  134  137  138  140
  144  153  168  185  200  210  217  222  231
    37.5-180.0 180.0   5.0 450.0                            LAT/LON1/LON2/DLON/H
  224  235  252  269  284  293  294  287  274  257  241  229  219  209  195  179
  162  146  136  129  128  130  134  137  136  129  117  103   89   78   71   67
   67   68   70   72   74   77   81   88   97  107  117  124  130  135  138  136
  128  113   97   84   79   81   87   96  106  117  129  139  146  150  150  150
  151  157  168  183  197  208  214  218  224
    35.0-180.0 180.0   5.0 450.0                            LAT/LON1/LON2/DLON/H
  219  226  237  251  265  276  283  283  276  263  248  236  226  216  202  186
  169  156  148  145  145  147  148  145  136  123  107   92   80   73   70   70
   73   75   78   78   78   79   82   88   98  108  117  123  127  131  135  135
  128  114   98   85   79   81   87   97  109  122  136  149  158  163  165  164
  164  166  173  185  198  208  214  216  219
    32.5-180.0 180.0   5.0 450.0                            LAT/LON1/LON2/DLON/H
  223  224  228  235  244  255  265  271  270  262  251  241  231  221  208  193
  179  169  163  162  162  160  155  143  126  107   92   82   78   78   82   87
   93   97   97   95   90   87   87   93  102  113  120  122  123  125  128  129
  123  110   94   81   75   77   84   94  107  123  140  155  166  175  179  181
  181  182  186  195  207  218  224  224  223
    30.0-180.0 180.0   5.0 450.0                            LAT/LON1/LON2/DLON/H
  244  238  233  231  232  238  248  258  263  261  254  245  236  226  212  198
  186  179  175  174  171  164  151  131  107   88   78   79   88  100  111  121
  129  132  129  121  111  103  100  104  112  120  124  123  119  117  118  118
  113  101   86   74   69   70   77   88  102  120  139  157  171  182  192  198
  201  203  207  216  229  242  249  249  244
    27.5-180.0 180.0   5.0 450.0                            LAT/LON1/LON2/DLON/H
  283  272  258  246  236  234  240  252  261  264  261  254  244  232  217  201
  190  183  179  174  167  155  136  111   87   72   74   91  115  138  156  168
  175  175  168  154  137  124  117  119  125  131  130  123  114  107  105  104
   99   88   74   64   59   61   68   79   94  115  136  155  172  187  201  213
  222  228  234  246  263  280  291  291  283
    25.0-180.0 180.0   5.0 450.0                            LAT/LON1/LON2/DLON/H
  341  325  306  284  264  251  251  260  272  278  278  271  260  243  224  206
  191  181  172  162  150  135  115   92   73   69   86  120  158  189  208  218
  221  218  205  186  164  146  136  135  138  140  135  123  108   96   91   88
   83   73   61   53   49   51   57   68   86  108  132  153  171  189  207  226
  242  253  265  282  305  329  345  349  341
    22.5-180.0 180.0   5.0 450.0                            LAT/LON1/LON2/DLON/H
  408  393  371  344  315  292  283  288  299  308  309  302  287  265  239  215
  194  176  159  140  124  110   96   82   75   84  117  164  210  241  256  259
  257  249  233  209  184  163  151  148  149  147  138  120  100   85   76   72
   67   59   50   43   40   41   47   59   78  103  129  152  171  191  213  237
  259  277  295  320  351  383  406  414  408
    20.0-180.0 180.0   5.0 450.0                            LAT/LON1/LON2/DLON/H
  474  463  445  417  383  352  335  334  343  353  356  348  329  300  267  234
  204  175  145  118   99   90   89   91   99  122  164  217  262  285  288  282
  273  262  244  219  193  172  160  155  153  148  136  115   92   74   64   59
   55   49   41   36   33   33   38   52   74  102  131  155  175  195  220  247
  274  298  323  354  393  432  462  475  474
    17.5-180.0 180.0   5.0 450.0                            LAT/LON1/LON2/DLON/H
  529  526  515  493  459  424  400  393  401  411  414  406  383  349  308  266
  226  185  142  106   86   88  104  124  146  177  221  269  302  310  298  280
  266  254  237  214  190  171  159  155  151  144  129  107   84   65   55   51
   48   43   38   33   29   29   34   49   74  106  137  162  183  204  229  257
  287  315  344  380  425  470  505  524  529
    15.0-180.0 180.0   5.0 450.0                            LAT/LON1/LON2/DLON/H
  565  571  571  558  531  496  469  458  463  473  478  469  445  407  361  313
  263  211  157  114   96  110  144  181  213  243  278  309  322  311  283  256
  240  230  217  198  177  161  151  147  143  135  120   99   77   60   51   48
   47   44   40   34   30   28   34   52   80  114  146  174  196  217  241  269
  298  327  359  398  444  492  530  554  565
    12.5-180.0 180.0   5.0 450.0                            LAT/LON1/LON2/DLON/H
  578  593  605  605  588  558  531  519  522  532  537  529  506  468  421  369
  314  255  194  148  134  159  207  254  286  306  321  329  319  288  249  219
  205  201  193  178  161  147  139  135  131  123  110   91   72   58   51   50
   51   50   47   41   34   32   40   60   91  126  158  187  210  232  255  280
  308  337  369  407  452  498  537  562  578
    10.0-180.0 180.0   5.0 450.0                            LAT/LON1/LON2/DLON/H
  572  593  616  629  624  602  579  567  569  578  583  577  557  522  477  427
  372  311  250  204  195  228  282  330  352  353  343  325  294  251  209  183
  176  179  176  164  148  135  127  123  119  112  101   86   71   60   56   57
   60   61   58   50   42   40   51   74  106  140  171  199  224  246  268  291
  317  345  375  410  451  493  528  553  572
     7.5-180.0 180.0   5.0 450.0                            LAT/LON1/LON2/DLON/H
  553  578  608  631  637  626  609  600  601  607  611  606  590  561  522  477
  427  371  315  275  270  304  355  392  397  374  339  299  256  211  176  160
  165  174  175  163  145  129  120  114  110  104   96   85   74   66   65   68
   73   75   71   63   53   52   65   91  123  154  181  207  233  256  278  299
  324  351  380  411  446  482  512  534  553
     5.0-180.0 180.0   5.0 450.0                            LAT/LON1/LON2/DLON/H
  531  556  588  617  633  632  623  617  617  619  620  614  602  580  548  511
  469  423  377  345  343  371  409  428  411  366  312  262  218  183  163  163
  178  192  192  176  154  134  119  111  106  102   96   88   80   75   76   81
   87   90   86   76   66   66   81  109  140  165  187  211  236  261  282  303
  327  355  384  412  441  470  495  514  531
     2.5-180.0 180.0   5.0 450.0                            LAT/LON1/LON2/DLON/H
  514  535  565  597  618  625  624  622  621  618  612  605  596  580  555  525
  492  457  424  402  399  416  435  430  393  334  273  224  192  175  176  192
  215  230  225  203  173  146  127  114  108  104  100   94   89   86   88   95
  101  104   99   88   78   78   96  126  154  174  189  209  234  259  281  302
  326  356  386  413  438  462  483  499  514
