CODG2580.11I
     1.0            IONOSPHERE MAPS     GNSS                IONEX VERSION / TYPE
ADDNEQ2 V5.1        AIUB                19-SEP-11 20:18     PGM / RUN BY / DATE 
CODE'S GLOBAL IONOSPHERE MAPS FOR DAY 258, 2011             COMMENT             
Global ionosphere maps (GIM) are generated on a daily basis DESCRIPTION         
at CODE using data from about 150 GPS sites of the IGS and  DESCRIPTION         
other institutions. The vertical total electron content     DESCRIPTION         
(VTEC) is modeled in a solar-geomagnetic reference frame    DESCRIPTION         
using a spherical harmonics expansion up to degree and      DESCRIPTION         
order 15. Piece-wise linear functions are used for          DESCRIPTION         
representation in the time domain. The time spacing of      DESCRIPTION         
their vertices is 2 hours, conforming with the epochs of    DESCRIPTION         
the VTEC maps. Instrumental biases, so-called differential  DESCRIPTION         
P1-P2 code biases (DCB), for all GPS satellites and ground  DESCRIPTION         
stations are estimated as constant values for each day,     DESCRIPTION         
simultaneously with the 13 times 256, or 3328 parameters    DESCRIPTION         
used to represent the global VTEC distribution. The DCB     DESCRIPTION         
datum is defined by a zero-mean condition imposed on the    DESCRIPTION         
satellite bias estimates. P1-C1 bias corrections are taken  DESCRIPTION         
into account if needed. To convert line-of-sight TEC into   DESCRIPTION         
vertical TEC, a modified single-layer model mapping         DESCRIPTION         
function approximating the JPL extended slab model mapping  DESCRIPTION         
function is adopted. The mapping function is evaluated at   DESCRIPTION         
geodetic satellite elevation angles. For the computation of DESCRIPTION         
the ionospheric pierce points, a spherical layer with a     DESCRIPTION         
radius of 6821 km is assumed, implying geocentric, not      DESCRIPTION         
geodetic IONEX latitudes.                                   DESCRIPTION         
Note: These GIM results correspond to the results for the   DESCRIPTION         
middle day of a 3-day combination analysis solving for 37   DESCRIPTION         
times 256, or 9472 VTEC parameters and one common set of    DESCRIPTION         
satellite and 24-hour receiver DCB constants.               DESCRIPTION         
Contact address: stefan.schaer or code @aiub.unibe.ch       DESCRIPTION         
Web site:        http://www.aiub.unibe.ch/ionosphere/       DESCRIPTION         
Data archive:    ftp://ftp.unibe.ch/aiub/CODE/              DESCRIPTION         
                 http://www.aiub.unibe.ch/download/CODE/    DESCRIPTION         
  2011     9    15     0     0     0                        EPOCH OF FIRST MAP  
  2011     9    16     0     0     0                        EPOCH OF LAST MAP   
  7200                                                      INTERVAL            
    13                                                      # OF MAPS IN FILE   
  NONE                                                      MAPPING FUNCTION    
    10.0                                                    ELEVATION CUTOFF    
One-way carrier phase leveled to code                       OBSERVABLES USED    
[...]
chti chur cnmr coco conz cpxf crar cro1 ctwn daej darw dav1 COMMENT             
dgar dgav drao dubo ebre eprt fair faiv fale flin flrs frdn COMMENT             
func ganp glsv gode godz gope gras graz guam guat guug harb COMMENT             
hers hert hnpt hob2 hofn holb holm hrao iddr ieng ilha ineg COMMENT             
invk iqal iqui irkj irkt isba ispa joz2 joze jplv karr kely COMMENT             
kerg khaj khar kir0 kiru kit3 kokb kokv kosg kouc kour lama COMMENT             
lhaz lmmf lpal lpgs m0se mac1 madr mal2 mana mas1 mat1 mate COMMENT             
maui maw1 mbar mccj mcm4 mdo1 mdvj medi mets metz mizu mkea COMMENT             
mnls mobk mobs morp mqzg mtka nano nico nist nklg not1 novm COMMENT             
nrc1 nril ntus nurk nya1 ohi2 ohi3 onsa opmt pado palv pbr2 COMMENT             
pbri pdel penc pert pfa2 pie1 pimo pol2 pots prds ptag ptbb COMMENT             
qaq1 quin rabt ramo rbay rcmn recf reso reun reyk rio2 riop COMMENT             
rosa roth salu sant savo sch2 scor sele sey1 sfer smst sofi COMMENT             
spt0 sthl stjo str2 suth sutv suwn syog tabv tah1 tah2 thti COMMENT             
thu2 thu3 tid1 tidb tixg tixi tlse tn22 tow2 tro1 tsea tskb COMMENT             
twtf txes uclu ufpr unb3 unbj unbn unbt unsa urum usn3 usno COMMENT             
usud vaco vald vesl vill vtsp wab1 wab2 wes2 wgtn whit will COMMENT             
wsrt wtza wtzr wtzs wtzz wuhn xian yakt yar2 yar3 yell yssk COMMENT             
zeck zim2 zimm zwe2                                         COMMENT             
                                                            END OF HEADER       
[from data line 1716]
     5                                                      START OF TEC MAP    
  2011     9    15     8     0     0                        EPOCH OF CURRENT MAP
    87.5-180.0 180.0   5.0 450.0                            LAT/LON1/LON2/DLON/H
  134  135  135  136  136  136  137  137  137  138  138  138  139  139  139  139
  139  139  139  139  139  140  140  140  140  140  141  141  141  142  142  142
  143  143  143  144  144  144  144  144  144  144  143  143  143  142  142  141
  140  140  139  139  138  137  137  136  136  135  135  134  134  134  133  133
  133  133  133  133  133  133  134  134  134
    85.0-180.0 180.0   5.0 450.0                            LAT/LON1/LON2/DLON/H
  126  127  128  129  130  131  132  133  133  134  134  135  135  134  134  134
  133  132  132  131  131  130  130  130  130  131  131  133  134  135  137  138
  140  142  143  144  145  146  147  147  147  147  146  146  145  144  143  141
  140  139  137  136  134  133  132  131  130  128  128  127  126  125  125  124
  124  124  124  124  124  124  125  125  126
    82.5-180.0 180.0   5.0 450.0                            LAT/LON1/LON2/DLON/H
  118  119  120  121  123  124  126  127  128  129  129  129  129  128  127  125
  123  121  119  117  115  113  112  112  112  113  114  116  119  122  126  130
  134  138  141  144  147  149  150  151  151  151  150  149  147  145  144  142
  140  138  136  135  133  132  130  129  127  126  125  124  122  121  120  119
  118  117  117  116  116  116  116  117  118
    80.0-180.0 180.0   5.0 450.0                            LAT/LON1/LON2/DLON/H
  110  111  112  113  114  116  118  119  121  122  122  122  121  120  118  115
  111  107  103   99   96   92   90   89   89   90   92   96  101  107  114  120
  127  134  140  145  149  152  154  155  155  154  152  151  149  147  145  143
  141  140  139  138  137  136  135  134  133  132  130  129  127  126  124  122
  120  118  116  114  112  111  110  110  110
    77.5-180.0 180.0   5.0 450.0                            LAT/LON1/LON2/DLON/H
  106  105  105  105  106  108  109  111  113  114  115  114  113  111  109  105
  100   95   89   83   78   73   69   67   67   68   72   77   84   93  103  113
  123  133  141  148  153  157  159  159  158  156  154  151  149  147  146  145
  145  145  145  146  146  147  147  147  147  146  145  144  142  139  136  133
  130  126  122  118  115  112  109  107  106
    75.0-180.0 180.0   5.0 450.0                            LAT/LON1/LON2/DLON/H
  105  102  100   99   99  100  101  103  104  106  107  107  106  104  101   97
   91   85   78   72   65   59   55   52   51   53   57   64   73   85   97  110
  123  135  145  153  159  162  163  162  159  156  153  150  147  146  146  148
  150  152  155  158  161  163  165  166  167  167  166  165  163  160  156  151
  146  140  134  128  123  117  112  108  105
    72.5-180.0 180.0   5.0 450.0                            LAT/LON1/LON2/DLON/H
  107  102   98   95   94   93   94   95   97   98  100  100  100   98   95   91
   86   80   74   67   60   54   49   46   45   47   51   59   70   82   96  111
  125  139  150  158  163  166  165  163  158  154  149  146  144  145  147  151
  156  162  168  173  177  181  184  187  188  189  188  187  185  181  176  170
  163  156  148  140  133  125  119  112  107
    70.0-180.0 180.0   5.0 450.0                            LAT/LON1/LON2/DLON/H
  110  103   97   92   89   87   87   88   90   91   93   94   94   93   91   88
   84   79   74   68   62   56   52   48   47   49   54   62   72   85   99  114
  129  142  154  162  167  168  166  161  156  150  145  141  141  143  148  155
  164  172  180  188  193  198  202  204  206  206  206  205  202  198  192  185
  177  169  160  151  142  133  125  117  110
    67.5-180.0 180.0   5.0 450.0                            LAT/LON1/LON2/DLON/H
  113  105   97   90   84   81   80   81   82   85   87   89   90   89   88   86
   84   81   77   73   68   64   59   56   55   57   61   68   78   89  103  117
  131  144  154  162  167  167  165  160  153  146  141  138  139  143  151  160
  171  182  192  200  206  210  213  215  216  216  216  215  212  207  201  193
  184  175  165  156  148  139  131  122  113
    65.0-180.0 180.0   5.0 450.0                            LAT/LON1/LON2/DLON/H
  116  106   96   87   79   74   72   72   75   78   81   83   85   85   85   84
   83   82   80   78   75   71   68   65   64   65   68   74   82   92  104  116
  129  141  151  159  164  166  164  159  153  146  141  139  141  146  155  167
  179  191  201  208  213  216  217  218  218  218  217  215  212  207  200  192
  183  174  166  158  150  143  135  126  116
    62.5-180.0 180.0   5.0 450.0                            LAT/LON1/LON2/DLON/H
  120  109   96   85   75   68   64   64   66   70   74   77   80   80   80   80
   80   80   80   79   78   75   73   70   69   70   72   77   83   91  100  111
  122  133  144  154  161  164  165  162  157  152  147  146  148  154  164  175
  187  199  208  214  217  218  217  216  215  214  213  211  207  201  194  186
  178  169  162  156  151  145  139  130  120
    60.0-180.0 180.0   5.0 450.0                            LAT/LON1/LON2/DLON/H
  128  115  100   86   73   63   57   56   57   61   66   70   73   74   75   75
   75   76   76   76   76   74   72   69   68   69   71   74   79   86   93  102
  113  124  136  148  158  165  169  169  167  163  160  159  162  167  176  186
  197  206  213  217  219  217  215  213  211  209  208  205  201  195  188  180
  172  166  160  157  154  150  146  138  128
    57.5-180.0 180.0   5.0 450.0                            LAT/LON1/LON2/DLON/H
  141  127  111   94   78   65   56   51   51   54   59   63   66   68   68   68
   68   68   69   70   69   67   65   63   62   63   65   68   73   78   85   93
  104  116  130  144  157  169  177  181  182  181  180  179  181  185  192  200
  208  215  220  222  222  219  216  213  211  209  207  205  200  194  187  179
  172  167  164  163  162  161  157  151  141
    55.0-180.0 180.0   5.0 450.0                            LAT/LON1/LON2/DLON/H
  160  147  130  112   93   76   62   53   49   49   52   56   59   61   61   60
   60   60   60   60   60   58   56   54   54   55   58   62   67   72   79   88
   99  112  127  144  161  176  188  196  201  203  203  203  204  207  211  216
  221  225  228  229  228  225  222  220  218  216  215  212  207  201  193  186
  180  176  175  175  176  176  174  169  160
    52.5-180.0 180.0   5.0 450.0                            LAT/LON1/LON2/DLON/H
  183  172  158  140  119   99   79   64   54   50   50   52   54   55   55   54
   52   52   52   51   51   49   48   47   47   50   53   58   64   70   78   88
  100  114  131  149  168  186  201  213  221  225  227  228  229  230  232  233
  235  236  237  238  237  236  234  232  231  230  229  226  221  214  207  200
  195  193  192  193  194  195  194  190  183
    50.0-180.0 180.0   5.0 450.0                            LAT/LON1/LON2/DLON/H
  206  199  188  173  154  131  106   84   67   56   52   52   52   53   51   49
   47   46   45   45   45   45   45   45   47   50   54   60   66   73   83   94
  107  122  139  157  177  196  213  228  238  245  249  252  253  252  251  250
  248  247  247  248  249  249  249  248  247  247  246  243  238  231  224  218
  213  211  210  210  211  211  211  210  206
    47.5-180.0 180.0   5.0 450.0                            LAT/LON1/LON2/DLON/H
  221  219  215  206  189  167  139  111   87   70   60   56   54   53   51   48
   45   43   43   44   45   47   48   51   54   58   62   67   74   82   93  105
  119  134  150  167  186  205  223  239  251  261  267  271  273  272  269  264
  260  257  257  258  260  262  262  262  262  261  260  257  253  246  239  233
  229  226  224  222  221  221  221  221  221
    45.0-180.0 180.0   5.0 450.0                            LAT/LON1/LON2/DLON/H
  222  226  229  227  217  198  170  138  109   87   72   65   61   58   55   51
   47   45   45   46   50   54   59   64   68   71   75   79   85   93  105  119
  133  147  161  176  193  211  229  246  260  271  280  285  288  287  282  276
  270  266  265  267  270  272  272  272  271  270  269  266  261  255  248  242
  238  234  230  225  221  219  218  219  222
    42.5-180.0 180.0   5.0 450.0                            LAT/LON1/LON2/DLON/H
  208  215  224  230  228  214  190  159  128  103   86   76   70   66   62   57
   53   51   51   54   59   67   74   81   85   88   89   91   95  104  117  132
  146  159  171  183  197  214  232  249  265  277  287  295  298  297  292  284
  277  273  272  274  277  278  278  276  273  271  269  267  262  256  249  243
  238  233  227  219  212  206  204  204  208
    40.0-180.0 180.0   5.0 450.0                            LAT/LON1/LON2/DLON/H
  180  187  198  209  215  209  191  165  138  116   99   89   82   76   72   67
   63   60   60   64   71   81   91   98  103  103  102  101  104  112  125  141
  156  167  177  187  199  215  233  251  266  280  291  299  304  303  298  291
  284  280  280  282  284  284  281  277  272  269  267  264  259  253  246  240
  234  228  219  209  199  190  183  180  180
    37.5-180.0 180.0   5.0 450.0                            LAT/LON1/LON2/DLON/H
  149  148  156  169  180  182  172  155  136  120  108   99   93   88   83   79
   75   73   73   77   84   94  105  113  116  114  109  106  107  116  130  147
  161  172  180  188  200  216  234  251  267  281  292  301  306  307  303  297
  292  290  291  293  294  293  288  282  276  271  268  265  260  254  246  240
  234  227  217  205  192  179  167  156  149
    35.0-180.0 180.0   5.0 450.0                            LAT/LON1/LON2/DLON/H
  126  112  111  119  131  138  137  129  121  115  110  106  102   98   95   92
   89   87   87   90   97  106  115  122  123  119  111  106  106  116  131  149
  165  175  182  190  201  217  235  253  268  281  292  301  307  310  309  306
  305  306  309  312  313  311  305  298  291  286  282  279  273  266  258  251
  246  239  229  216  202  185  167  146  126
    32.5-180.0 180.0   5.0 450.0                            LAT/LON1/LON2/DLON/H
  124   94   77   75   83   90   94   96   98  103  108  110  109  107  105  104
  103  102  102  104  108  114  121  125  124  118  109  102  103  114  132  151
  167  178  185  193  205  221  239  256  270  282  292  302  309  314  317  320
  325  331  337  342  343  341  337  331  326  321  317  312  306  297  289  282
  277  272  264  252  237  218  193  160  124
    30.0-180.0 180.0   5.0 450.0                            LAT/LON1/LON2/DLON/H
  153  104   70   54   52   55   59   65   76   90  103  111  114  114  114  113
  114  115  116  117  118  120  122  124  121  113  103   98  101  113  133  153
  170  181  190  199  211  227  245  260  273  283  293  304  313  322  331  341
  353  365  375  382  385  386  385  383  381  378  374  368  360  350  341  335
  332  330  324  314  300  279  249  205  153
    27.5-180.0 180.0   5.0 450.0                            LAT/LON1/LON2/DLON/H
  214  149   98   67   52   45   44   49   62   81  100  113  119  120  120  120
  122  125  127  128  126  123  122  120  116  108   99   95  100  115  135  157
  174  187  196  206  219  235  252  266  277  287  298  309  322  336  352  370
  388  406  420  429  435  440  445  450  453  453  449  442  432  421  412  407
  407  407  404  397  384  363  329  278  214
    25.0-180.0 180.0   5.0 450.0                            LAT/LON1/LON2/DLON/H
  298  224  161  117   89   70   59   57   67   85  104  118  125  126  124  122
  124  128  133  135  131  126  121  117  112  105   98   97  103  119  140  161
  178  192  204  215  229  245  260  273  284  295  306  320  337  357  379  404
  429  450  467  478  486  496  509  522  532  536  533  524  513  501  492  489
  491  494  493  487  475  455  422  368  298
    22.5-180.0 180.0   5.0 450.0                            LAT/LON1/LON2/DLON/H
  390  316  249  198  159  128  104   91   91  103  118  130  136  134  128  122
  120  125  133  137  134  127  121  116  112  107  102  102  109  125  144  163
  181  196  210  224  239  254  270  283  295  307  321  338  359  384  412  441
  469  492  509  521  532  547  567  589  606  615  613  603  591  579  571  569
  573  577  576  569  556  537  507  458  390
    20.0-180.0 180.0   5.0 450.0                            LAT/LON1/LON2/DLON/H
  470  405  343  291  247  207  172  146  135  136  143  150  152  147  134  120
  113  116  127  135  135  129  122  119  117  114  110  110  117  129  146  164
  181  198  215  231  248  264  280  296  310  325  343  363  387  415  446  477
  506  528  543  554  567  585  611  640  664  676  675  666  653  641  635  635
  639  642  638  627  610  592  567  527  470
    17.5-180.0 180.0   5.0 450.0                            LAT/LON1/LON2/DLON/H
  521  471  421  376  333  290  247  212  189  179  176  177  175  164  144  120
  104  104  117  130  135  131  127  126  126  124  121  120  123  132  145  160
  178  197  217  236  255  274  293  311  330  349  370  392  418  448  479  509
  534  553  565  575  588  608  636  668  696  711  712  703  691  681  676  677
  680  680  670  651  628  608  589  561  521
    15.0-180.0 180.0   5.0 450.0                            LAT/LON1/LON2/DLON/H
  532  501  467  433  397  356  314  276  246  226  214  208  201  186  158  123
   98   94  107  125  134  135  133  135  138  137  133  129  128  132  141  154
  172  194  217  240  262  284  306  329  352  376  399  423  449  478  507  533
  553  567  577  586  598  616  643  675  702  718  720  713  703  695  692  693
  694  689  671  641  609  585  570  555  532
    12.5-180.0 180.0   5.0 450.0                            LAT/LON1/LON2/DLON/H
  505  492  473  450  424  392  358  325  295  270  251  239  230  211  176  132
   97   88  101  122  136  140  143  147  152  151  144  136  131  130  135  147
  166  190  217  243  268  293  319  346  374  401  427  451  476  502  527  549
  564  574  582  591  602  617  638  663  687  701  705  699  692  686  684  685
  684  672  645  604  561  531  517  512  505
    10.0-180.0 180.0   5.0 450.0                            LAT/LON1/LON2/DLON/H
  453  451  443  430  412  393  373  353  331  306  283  268  256  236  197  146
  105   90  103  125  142  149  154  161  166  164  154  142  133  128  131  143
  163  190  218  245  272  299  328  359  391  421  447  471  493  515  538  555
  568  577  587  598  608  618  629  644  659  670  673  670  665  661  661  660
  656  639  604  553  501  464  448  449  453
     7.5-180.0 180.0   5.0 450.0                            LAT/LON1/LON2/DLON/H
  394  398  393  384  373  367  364  362  353  333  309  291  277  257  218  165
  120  102  113  135  152  160  166  174  178  175  162  147  134  128  130  143
  165  193  221  248  274  302  332  364  398  429  456  478  498  518  538  555
  568  580  595  610  621  625  624  624  629  634  635  633  630  628  628  626
  619  599  560  504  445  402  384  386  394
     5.0-180.0 180.0   5.0 450.0                            LAT/LON1/LON2/DLON/H
  350  352  345  334  326  329  344  361  366  353  329  307  292  273  237  186
  141  123  131  151  166  173  178  185  188  182  168  150  137  130  134  149
  172  199  226  250  274  299  328  360  393  424  451  471  490  509  531  551
  568  586  608  630  642  639  625  610  602  600  600  598  596  594  592  589
  581  561  522  467  408  363  343  343  350
     2.5-180.0 180.0   5.0 450.0                            LAT/LON1/LON2/DLON/H
  335  332  319  302  292  300  327  360  378  372  346  319  300  281  249  205
  165  147  153  170  181  185  188  192  193  186  170  152  139  135  142  159
  183  208  230  250  269  291  317  345  376  406  433  453  471  492  518  544
  568  594  624  652  665  657  631  602  581  572  569  567  564  560  557  553
  545  528  495  447  394  353  333  331  335
