CODG0440.13I
     1.0            IONOSPHERE MAPS     GNSS                IONEX VERSION / TYPE
ADDNEQ2 V5.3        AIUB                17-FEB-13 20:26     PGM / RUN BY / DATE 
CODE'S GLOBAL IONOSPHERE MAPS FOR DAY 044, 2013             COMMENT             
Global ionosphere maps (GIM) are generated on a daily basis DESCRIPTION         
at CODE using data from about 150 GPS sites of the IGS and  DESCRIPTION         
other institutions. The vertical total electron content     DESCRIPTION         
(VTEC) is modeled in a solar-geomagnetic reference frame    DESCRIPTION         
using a spherical harmonics expansion up to degree and      DESCRIPTION         
order 15. Piece-wise linear functions are used for          DESCRIPTION         
representation in the time domain. The time spacing of      DESCRIPTION         
their vertices is 2 hours, conforming with the epochs of    DESCRIPTION         
the VTEC maps. Instrumental biases, so-called differential  DESCRIPTION         
P1-P2 code biases (DCB), for all GPS satellites and ground  DESCRIPTION         
stations are estimated as constant values for each day,     DESCRIPTION         
simultaneously with the 13 times 256, or 3328 parameters    DESCRIPTION         
used to represent the global VTEC distribution. The DCB     DESCRIPTION         
datum is defined by a zero-mean condition imposed on the    DESCRIPTION         
satellite bias estimates. P1-C1 bias corrections are taken  DESCRIPTION         
into account if needed. To convert line-of-sight TEC into   DESCRIPTION         
vertical TEC, a modified single-layer model mapping         DESCRIPTION         
function approximating the JPL extended slab model mapping  DESCRIPTION         
function is adopted. The mapping function is evaluated at   DESCRIPTION         
geodetic satellite elevation angles. For the computation of DESCRIPTION         
the ionospheric pierce points, a spherical layer with a     DESCRIPTION         
radius of 6821 km is assumed, implying geocentric, not      DESCRIPTION         
geodetic IONEX latitudes.                                   DESCRIPTION         
Note: These GIM results correspond to the results for the   DESCRIPTION         
middle day of a 3-day combination analysis solving for 37   DESCRIPTION         
times 256, or 9472 VTEC parameters and one common set of    DESCRIPTION         
satellite and 24-hour receiver DCB constants.               DESCRIPTION         
Contact address: stefan.schaer or code @aiub.unibe.ch       DESCRIPTION         
Web page:        www.aiub.unibe.ch/content/ionosphere/      DESCRIPTION         
Data archive:    ftp.unibe.ch/aiub/CODE/                    DESCRIPTION         
                 www.aiub.unibe.ch/download/CODE/           DESCRIPTION         
  2013     2    13     0     0     0                        EPOCH OF FIRST MAP  
  2013     2    14     0     0     0                        EPOCH OF LAST MAP   
  7200                                                      INTERVAL            
    13                                                      # OF MAPS IN FILE   
  NONE                                                      MAPPING FUNCTION    
    10.0                                                    ELEVATION CUTOFF    
One-way carrier phase leveled to code                       OBSERVABLES USED    
[...]
dubo ebre faa1 fair faiv fale flin flrs frdn func ganp glps COMMENT             
glsv gmsd gode godz gold gope gras graz guam guat guug harb COMMENT             
harv hers hert hnpt hob2 hofn hofs holm hrao hyde iddr ieng COMMENT             
iisc ilha impz ineg invk iqal iqui irkj irkt isba ispa joz2 COMMENT             
joze kat1 kely kerg khar kir0 kiru kit3 kokb kokv kosg kouc COMMENT             
kour lama lhaz lmmf lpal lpgs m0se mac1 mag0 mal2 mana mas1 COMMENT             
mat1 mate maui maw1 mbar mccj mcil mcm4 mdo1 mdvj medi mets COMMENT             
mgue mizu mkea mnls mobj mobk mobs monp morp mqzg nano nico COMMENT             
nist nklg nlib not1 novm nrc1 nril nrmd ntus nurk nya1 ohi2 COMMENT             
ohi3 onsa opmt ouag pado palv park pdel penc pert pfa2 pie1 COMMENT             
pimo pol2 pots pove prds ptbb qaq1 quin rabt ramo reso reun COMMENT             
reyk rio2 riop rosa roth salu sant savo sch2 scor scub sfer COMMENT             
shao smst sofi spt0 ssia sthl stjo stk2 str2 suth sutv suwn COMMENT             
sydn syog tabv tah1 tah2 tash thti thu2 thu3 tid1 tidb tixg COMMENT             
tixi tlse tn22 tow2 tro1 tsea tskb twtf txes uclu ulab unb3 COMMENT             
unbj unbn unbt unsa untr urum urus usn3 usno usud vaco vald COMMENT             
vill vtsp wab1 wab2 wes2 wgtn whit will wind wsrt wtza wtzr COMMENT             
wtzs wtzz wuhn xmis yakt yar2 yar3 yarr ycba yell yssk zeck COMMENT             
zim2 zimm zwe2                                              COMMENT             
                                                            END OF HEADER       
[from data line 4290]
    11                                                      START OF TEC MAP    
  2013     2    13    20     0     0                        EPOCH OF CURRENT MAP
    87.5-180.0 180.0   5.0 450.0                            LAT/LON1/LON2/DLON/H
  117  118  119  121  122  123  125  126  128  129  131  132  133  135  136  137
  138  138  139  139  139  139  139  138  138  137  136  135  134  133  132  130
  129  128  127  126  125  124  123  122  121  120  119  119  118  118  117  117
  117  117  116  116  116  116  116  115  115  115  115  115  114  114  114  114
  114  114  114  115  115  115  116  117  117
    85.0-180.0 180.0   5.0 450.0                            LAT/LON1/LON2/DLON/H
  101  102  104  107  110  113  116  120  124  128  132  136  139  143  146  148
  150  152  153  153  153  152  151  150  148  145  143  140  138  135  132  129
  127  124  122  119  117  116  114  113  111  111  110  109  109  109  109  109
  109  109  110  110  110  110  110  110  109  109  108  107  106  105  104  103
  102  101  100   99   99   99   99  100  101
    82.5-180.0 180.0   5.0 450.0                            LAT/LON1/LON2/DLON/H
   79   81   83   87   91   96  102  108  115  122  129  136  143  149  154  158
  161  164  165  165  164  162  160  156  153  149  144  140  136  131  127  123
  120  116  113  111  108  106  104  103  102  101  100  100  100  101  101  102
  103  104  106  107  107  108  108  108  108  107  105  104  102   99   97   94
   91   88   86   83   81   80   79   79   79
    80.0-180.0 180.0   5.0 450.0                            LAT/LON1/LON2/DLON/H
   59   60   62   66   71   77   85   94  104  114  124  135  144  153  160  166
  170  172  173  172  169  166  162  156  151  145  139  133  128  123  118  114
  111  107  105  102  100   99   97   96   95   94   94   94   94   95   97   98
  100  102  104  105  107  108  108  108  108  107  105  102   99   95   91   87
   83   78   74   70   66   63   60   59   59
    77.5-180.0 180.0   5.0 450.0                            LAT/LON1/LON2/DLON/H
   44   44   46   50   55   62   72   82   94  107  120  133  145  156  164  171
  174  176  175  173  168  163  156  149  142  135  128  121  116  111  106  103
  101   99   97   96   96   95   94   93   93   92   92   91   92   92   94   95
   98  100  102  104  106  107  108  108  107  106  103  100   97   92   88   83
   78   72   67   61   56   52   48   46   44
    75.0-180.0 180.0   5.0 450.0                            LAT/LON1/LON2/DLON/H
   41   40   41   43   48   56   65   77   90  104  119  134  147  159  168  174
  177  176  173  168  161  153  144  136  127  119  112  106  100   96   93   91
   90   90   91   92   93   94   94   94   93   93   92   91   91   91   92   93
   95   97   99  101  102  104  104  104  103  101   99   96   92   89   85   80
   75   70   65   60   55   50   46   43   41
    72.5-180.0 180.0   5.0 450.0                            LAT/LON1/LON2/DLON/H
   47   46   47   49   53   59   68   79   92  107  123  138  153  164  173  177
  178  175  169  160  150  140  130  120  111  102   95   89   84   81   78   78
   79   81   84   87   90   93   94   94   94   93   91   90   88   88   88   88
   89   91   92   93   94   95   95   94   93   92   90   88   85   83   80   78
   75   71   68   64   60   56   52   49   47
    70.0-180.0 180.0   5.0 450.0                            LAT/LON1/LON2/DLON/H
   62   62   62   64   67   72   80   90  102  117  132  147  161  173  180  182
  180  174  164  152  140  127  116  105   96   88   81   75   70   66   64   64
   66   69   74   79   84   87   90   90   90   89   87   85   83   82   81   81
   81   81   81   81   81   81   80   80   79   78   77   76   75   75   75   75
   74   73   72   70   68   66   64   63   62
    67.5-180.0 180.0   5.0 450.0                            LAT/LON1/LON2/DLON/H
   78   80   82   85   88   92   98  106  117  130  145  160  174  184  190  190
  185  176  163  148  133  119  107   96   88   81   74   67   61   56   52   51
   52   55   60   66   72   76   79   80   80   79   77   75   74   72   71   70
   69   68   67   65   64   63   63   62   61   61   62   63   64   67   69   71
   73   74   74   74   74   75   75   77   78
    65.0-180.0 180.0   5.0 450.0                            LAT/LON1/LON2/DLON/H
   92   97  102  106  110  114  118  125  135  147  161  175  188  197  202  201
  194  182  166  149  132  117  105   95   88   81   74   67   58   50   44   40
   39   41   45   51   56   60   63   64   64   64   63   63   62   62   60   59
   56   54   51   49   47   45   45   44   45   46   48   51   55   59   63   67
   70   72   74   75   76   78   82   86   92
    62.5-180.0 180.0   5.0 450.0                            LAT/LON1/LON2/DLON/H
   99  108  117  124  129  134  138  144  153  163  176  190  203  212  216  214
  206  192  175  156  138  122  111  103   96   90   83   75   64   53   42   35
   30   29   32   36   40   43   45   46   47   48   49   51   52   52   52   49
   46   42   38   34   32   30   30   31   33   36   39   43   48   53   58   62
   66   67   68   69   71   75   81   89   99
    60.0-180.0 180.0   5.0 450.0                            LAT/LON1/LON2/DLON/H
   99  114  127  137  145  150  155  161  168  178  190  204  216  226  231  229
  221  206  188  168  150  135  124  116  111  107  100   91   78   64   50   38
   30   26   25   26   28   30   31   32   33   36   39   43   47   48   48   45
   41   36   30   26   23   22   22   25   28   32   37   42   47   52   56   59
   61   61   61   60   61   66   74   86   99
    57.5-180.0 180.0   5.0 450.0                            LAT/LON1/LON2/DLON/H
   97  115  132  145  155  163  168  174  181  190  202  215  228  238  243  243
  235  222  204  184  166  151  140  134  131  127  122  112   99   83   66   51
   39   32   28   26   25   24   24   25   28   32   38   44   49   52   52   49
   43   36   30   25   22   22   23   27   31   37   42   47   51   55   57   58
   58   56   52   50   50   54   64   79   97
    55.0-180.0 180.0   5.0 450.0                            LAT/LON1/LON2/DLON/H
   95  116  135  151  163  172  178  184  191  200  211  224  236  247  254  254
  248  236  219  200  182  168  158  153  150  149  145  137  124  108   90   73
   58   48   40   35   32   30   29   30   34   40   47   54   60   63   62   58
   52   45   38   33   30   30   33   37   42   48   53   57   60   61   61   60
   57   52   47   43   42   47   58   74   95
    52.5-180.0 180.0   5.0 450.0                            LAT/LON1/LON2/DLON/H
   99  121  141  157  170  179  186  193  200  208  218  230  243  253  261  262
  258  248  233  215  198  183  174  169  168  168  167  161  150  135  117   99
   83   70   60   52   47   44   43   44   49   56   64   71   77   78   77   72
   65   58   52   48   46   46   48   52   57   62   67   69   70   69   67   63
   59   53   47   42   41   46   58   77   99
    50.0-180.0 180.0   5.0 450.0                            LAT/LON1/LON2/DLON/H
  110  131  150  165  177  186  193  200  206  214  224  235  247  257  265  267
  264  256  242  226  210  196  188  184  183  185  185  182  173  160  143  124
  106   91   80   71   66   62   62   64   70   77   84   90   93   93   90   85
   79   74   70   67   66   66   67   70   73   77   80   81   81   78   73   68
   63   58   52   48   48   54   68   87  110
    47.5-180.0 180.0   5.0 450.0                            LAT/LON1/LON2/DLON/H
  126  146  162  174  184  192  198  205  211  219  228  238  249  259  266  269
  267  259  248  233  219  207  199  195  196  197  199  197  190  177  160  141
  123  107   95   87   82   80   80   84   90   97  102  105  105  103   99   95
   91   88   86   86   85   85   85   85   87   89   91   91   89   85   79   74
   70   66   62   60   62   70   85  105  126
    45.0-180.0 180.0   5.0 450.0                            LAT/LON1/LON2/DLON/H
  145  162  174  182  189  196  202  208  214  221  230  240  251  260  267  269
  267  260  250  238  226  216  209  206  206  208  208  205  198  185  167  147
  128  112  101   95   92   92   94   99  104  109  112  112  109  105  101   98
   97   97   99  100  101  100   98   96   96   96   97   97   95   90   85   80
   76   74   73   73   77   87  104  124  145
    42.5-180.0 180.0   5.0 450.0                            LAT/LON1/LON2/DLON/H
  160  174  182  188  192  197  203  208  214  221  230  241  252  261  266  268
  265  260  252  242  232  225  220  218  217  216  214  208  198  183  163  141
  121  107  100   97   97   99  102  107  111  114  113  110  104   99   95   95
   97  100  105  109  111  110  106  102   99   98   99  100   98   94   89   84
   82   81   81   84   90  102  120  140  160
    40.0-180.0 180.0   5.0 450.0                            LAT/LON1/LON2/DLON/H
  168  180  186  189  192  196  202  207  212  219  229  241  253  262  266  266
  264  260  254  246  240  235  233  232  230  225  218  207  193  173  150  127
  109   98   95   96  100  103  106  109  111  111  108  102   94   89   87   88
   93   99  105  110  113  112  109  104   99   98   99  100  100   97   93   88
   86   85   85   88   95  108  128  149  168
    37.5-180.0 180.0   5.0 450.0                            LAT/LON1/LON2/DLON/H
  168  179  184  186  189  194  200  205  210  217  228  241  254  262  266  265
  263  260  256  252  248  247  248  247  243  235  222  206  186  163  137  114
   98   92   95  102  108  111  112  111  110  107  101   94   86   82   81   84
   89   95  100  106  109  109  106  102   97   96   97  101  102  101   97   92
   88   85   84   86   92  106  126  148  168
    35.0-180.0 180.0   5.0 450.0                            LAT/LON1/LON2/DLON/H
  162  174  180  182  186  193  200  205  210  217  229  243  256  264  266  265
  263  262  261  259  258  259  262  263  257  245  226  205  182  157  132  110
   99   99  108  120  127  128  124  119  113  108  101   93   86   83   82   85
   88   91   94   97  100  102  102   99   96   95   97  102  105  105  101   95
   88   83   79   77   82   96  117  141  162
    32.5-180.0 180.0   5.0 450.0                            LAT/LON1/LON2/DLON/H
  154  170  177  182  188  197  205  211  215  222  233  248  261  268  268  266
  265  265  266  266  267  270  275  277  270  255  233  210  186  163  140  123
  117  124  139  154  160  157  146  134  125  117  111  104   98   95   94   94
   93   91   89   88   91   94   97   97   96   96   98  104  108  109  104   97
   88   79   71   67   70   83  105  131  154
    30.0-180.0 180.0   5.0 450.0                            LAT/LON1/LON2/DLON/H
  152  170  181  189  198  208  218  224  228  233  244  257  269  274  272  268
  268  270  272  272  274  278  284  287  281  264  242  220  200  182  166  156
  156  168  187  201  204  194  175  157  145  137  132  127  122  118  115  110
  103   94   86   81   82   87   93   97   98   98  101  106  110  111  107   98
   87   76   65   59   61   73   97  125  152
    27.5-180.0 180.0   5.0 450.0                            LAT/LON1/LON2/DLON/H
  156  179  194  205  217  229  240  246  249  252  260  272  282  284  280  275
  273  276  278  278  278  282  289  293  288  273  254  237  225  216  209  206
  211  225  243  254  250  232  206  183  169  162  159  156  151  146  140  130
  116  101   86   78   77   83   91   98  101  102  103  106  110  110  106   97
   86   74   63   56   58   71   96  127  156
    25.0-180.0 180.0   5.0 450.0                            LAT/LON1/LON2/DLON/H
  169  196  215  230  244  258  269  276  277  278  282  292  300  301  294  287
  284  286  286  283  280  282  289  295  293  282  268  260  259  261  263  266
  272  284  296  299  287  261  229  203  190  186  185  183  178  171  161  147
  128  108   90   78   75   81   91  100  105  105  103  104  105  106  102   95
   85   75   66   60   63   78  104  137  169
    22.5-180.0 180.0   5.0 450.0                            LAT/LON1/LON2/DLON/H
  188  217  241  259  275  291  303  310  310  307  309  316  323  324  316  307
  302  300  298  291  283  282  289  297  298  292  286  288  298  311  320  325
  328  332  333  326  304  270  236  210  199  199  200  199  193  184  171  155
  135  114   95   82   78   83   93  103  107  105  101   98   97   97   95   90
   84   78   72   70   75   92  119  153  188
    20.0-180.0 180.0   5.0 450.0                            LAT/LON1/LON2/DLON/H
  206  239  266  288  306  323  337  345  344  338  336  342  351  354  347  336
  328  322  315  302  290  286  291  301  306  306  308  319  338  359  372  375
  370  360  347  326  295  257  222  199  192  195  199  198  191  181  168  153
  135  117  101   90   85   88   97  105  108  105   97   90   86   85   85   84
   82   81   80   82   90  108  136  170  206
    17.5-180.0 180.0   5.0 450.0                            LAT/LON1/LON2/DLON/H
  220  256  286  311  332  351  368  377  376  368  364  370  382  389  386  374
  363  352  340  322  304  296  301  312  321  326  334  351  376  400  412  408
  390  365  335  301  263  224  191  173  170  175  180  178  172  163  153  142
  130  119  109  101   97   97  102  108  109  103   92   82   75   73   74   77
   80   83   87   93  104  123  151  184  220
    15.0-180.0 180.0   5.0 450.0                            LAT/LON1/LON2/DLON/H
  227  264  298  326  349  371  392  404  404  395  389  397  414  429  430  419
  405  390  373  350  329  317  320  332  343  352  364  383  409  431  438  424
  392  349  304  260  218  181  154  140  140  146  150  148  143  138  134  130
  125  121  119  115  112  109  110  112  110  102   89   75   67   64   66   71
   78   84   91  100  113  133  160  192  227
    12.5-180.0 180.0   5.0 450.0                            LAT/LON1/LON2/DLON/H
  227  265  301  332  359  384  409  426  428  419  412  422  446  468  476  467
  451  433  413  388  364  350  350  361  374  384  396  415  437  453  452  427
  381  325  268  218  176  144  123  114  114  119  121  120  118  119  122  124
  126  129  133  134  130  125  121  119  115  104   89   74   63   60   62   68
   76   84   92  102  116  137  163  192  227
    10.0-180.0 180.0   5.0 450.0                            LAT/LON1/LON2/DLON/H
  223  262  300  334  363  392  421  443  449  440  434  446  475  505  518  512
  495  477  456  432  407  391  390  398  410  420  430  445  460  468  458  424
  369  304  242  191  154  129  114  107  106  107  106  106  110  118  127  135
  140  146  152  155  151  142  134  129  122  110   94   77   66   62   64   70
   77   83   90  100  116  137  162  190  223
     7.5-180.0 180.0   5.0 450.0                            LAT/LON1/LON2/DLON/H
  222  260  300  334  365  397  431  459  469  462  455  468  500  535  552  548
  533  516  499  478  455  438  433  439  447  455  463  473  481  481  464  424
  366  299  237  192  163  146  136  129  124  120  118  119  128  143  158  166
  170  173  177  178  172  161  150  141  132  119  102   86   75   71   72   76
   80   84   88   97  114  137  162  190  222
     5.0-180.0 180.0   5.0 450.0                            LAT/LON1/LON2/DLON/H
  228  266  304  339  370  403  441  475  489  484  477  489  522  558  576  572
  559  546  535  520  502  485  476  477  482  488  493  499  501  495  473  433
  377  314  260  223  203  195  189  181  172  163  159  162  177  197  213  217
  213  207  204  200  191  178  164  153  142  129  112   97   88   84   85   86
   87   86   88   97  115  141  168  196  228
     2.5-180.0 180.0   5.0 450.0                            LAT/LON1/LON2/DLON/H
  243  280  317  350  379  412  453  491  510  508  501  510  539  571  587  583
  571  564  561  554  540  524  512  508  509  513  518  521  520  511  489  452
  403  349  304  278  268  267  264  256  243  230  225  231  250  271  284  280
  263  243  228  217  204  188  173  161  150  137  122  109  101   99   99   98
   95   91   91  101  122  151  182  212  243
