CODG2580.11I
     1.0            IONOSPHERE MAPS     GNSS                IONEX VERSION / TYPE
ADDNEQ2 V5.1        AIUB                19-SEP-11 20:18     PGM / RUN BY / DATE 
CODE'S GLOBAL IONOSPHERE MAPS FOR DAY 258, 2011             COMMENT             
Global ionosphere maps (GIM) are generated on a daily basis DESCRIPTION         
at CODE using data from about 150 GPS sites of the IGS and  DESCRIPTION         
other institutions. The vertical total electron content     DESCRIPTION         
(VTEC) is modeled in a solar-geomagnetic reference frame    DESCRIPTION         
using a spherical harmonics expansion up to degree and      DESCRIPTION         
order 15. Piece-wise linear functions are used for          DESCRIPTION         
representation in the time domain. The time spacing of      DESCRIPTION         
their vertices is 2 hours, conforming with the epochs of    DESCRIPTION         
the VTEC maps. Instrumental biases, so-called differential  DESCRIPTION         
P1-P2 code biases (DCB), for all GPS satellites and ground  DESCRIPTION         
stations are estimated as constant values for each day,     DESCRIPTION         
simultaneously with the 13 times 256, or 3328 parameters    DESCRIPTION         
used to represent the global VTEC distribution. The DCB     DESCRIPTION         
datum is defined by a zero-mean condition imposed on the    DESCRIPTION         
satellite bias estimates. P1-C1 bias corrections are taken  DESCRIPTION         
into account if needed. To convert line-of-sight TEC into   DESCRIPTION         
vertical TEC, a modified single-layer model mapping         DESCRIPTION         
function approximating the JPL extended slab model mapping  DESCRIPTION         
function is adopted. The mapping function is evaluated at   DESCRIPTION         
geodetic satellite elevation angles. For the computation of DESCRIPTION         
the ionospheric pierce points, a spherical layer with a     DESCRIPTION         
radius of 6821 km is assumed, implying geocentric, not      DESCRIPTION         
geodetic IONEX latitudes.                                   DESCRIPTION         
Note: These GIM results correspond to the results for the   DESCRIPTION         
middle day of a 3-day combination analysis solving for 37   DESCRIPTION         
times 256, or 9472 VTEC parameters and one common set of    DESCRIPTION         
satellite and 24-hour receiver DCB constants.               DESCRIPTION         
Contact address: stefan.schaer or code @aiub.unibe.ch       DESCRIPTION         
Web site:        http://www.aiub.unibe.ch/ionosphere/       DESCRIPTION         
Data archive:    ftp://ftp.unibe.ch/aiub/CODE/              DESCRIPTION         
                 http://www.aiub.unibe.ch/download/CODE/    DESCRIPTION         
  2011     9    15     0     0     0                        EPOCH OF FIRST MAP  
  2011     9    16     0     0     0                        EPOCH OF LAST MAP   
  7200                                                      INTERVAL            
    13                                                      # OF MAPS IN FILE   
  NONE                                                      MAPPING FUNCTION    
    10.0                                                    ELEVATION CUTOFF    
One-way carrier phase leveled to code                       OBSERVABLES USED    
[...]
chti chur cnmr coco conz cpxf crar cro1 ctwn daej darw dav1 COMMENT             
dgar dgav drao dubo ebre eprt fair faiv fale flin flrs frdn COMMENT             
func ganp glsv gode godz gope gras graz guam guat guug harb COMMENT             
hers hert hnpt hob2 hofn holb holm hrao iddr ieng ilha ineg COMMENT             
invk iqal iqui irkj irkt isba ispa joz2 joze jplv karr kely COMMENT             
kerg khaj khar kir0 kiru kit3 kokb kokv kosg kouc kour lama COMMENT             
lhaz lmmf lpal lpgs m0se mac1 madr mal2 mana mas1 mat1 mate COMMENT             
maui maw1 mbar mccj mcm4 mdo1 mdvj medi mets metz mizu mkea COMMENT             
mnls mobk mobs morp mqzg mtka nano nico nist nklg not1 novm COMMENT             
nrc1 nril ntus nurk nya1 ohi2 ohi3 onsa opmt pado palv pbr2 COMMENT             
pbri pdel penc pert pfa2 pie1 pimo pol2 pots prds ptag ptbb COMMENT             
qaq1 quin rabt ramo rbay rcmn recf reso reun reyk rio2 riop COMMENT             
rosa roth salu sant savo sch2 scor sele sey1 sfer smst sofi COMMENT             
spt0 sthl stjo str2 suth sutv suwn syog tabv tah1 tah2 thti COMMENT             
thu2 thu3 tid1 tidb tixg tixi tlse tn22 tow2 tro1 tsea tskb COMMENT             
twtf txes uclu ufpr unb3 unbj unbn unbt unsa urum usn3 usno COMMENT             
usud vaco vald vesl vill vtsp wab1 wab2 wes2 wgtn whit will COMMENT             
wsrt wtza wtzr wtzs wtzz wuhn xian yakt yar2 yar3 yell yssk COMMENT             
zeck zim2 zimm zwe2                                         COMMENT             
                                                            END OF HEADER       
[from data line 4719]
    12                                                      START OF TEC MAP    
  2011     9    15    22     0     0                        EPOCH OF CURRENT MAP
    87.5-180.0 180.0   5.0 450.0                            LAT/LON1/LON2/DLON/H
  116  116  116  116  116  116  117  117  118  118  119  120  120  121  121  122
  122  123  123  123  123  124  124  124  124  124  124  123  123  123  123  123
  123  123  123  124  124  124  124  125  125  126  126  126  127  127  128  128
  128  128  128  128  128  128  128  127  127  126  125  124  124  123  122  121
  120  119  119  118  117  117  116  116  116
    85.0-180.0 180.0   5.0 450.0                            LAT/LON1/LON2/DLON/H
  110  110  111  112  113  114  116  117  119  121  123  125  127  129  131  132
  133  134  135  135  135  135  134  133  133  132  130  129  128  127  126  125
  125  124  124  124  124  124  125  126  127  129  130  132  133  135  137  138
  139  140  140  141  140  140  139  138  137  135  133  131  129  127  124  122
  120  118  116  114  113  112  111  110  110
    82.5-180.0 180.0   5.0 450.0                            LAT/LON1/LON2/DLON/H
  107  107  109  110  113  115  119  122  126  130  134  138  141  145  147  150
  152  153  153  153  153  151  150  148  145  143  140  138  135  132  130  128
  126  124  123  123  122  123  124  125  127  129  132  135  138  141  144  147
  149  151  152  153  152  152  150  148  146  143  140  136  133  129  126  122
  119  116  114  111  109  108  107  107  107
    80.0-180.0 180.0   5.0 450.0                            LAT/LON1/LON2/DLON/H
  107  109  111  114  117  121  126  131  137  143  149  155  160  165  168  171
  173  174  174  173  172  169  166  162  159  155  150  146  142  138  135  131
  128  125  123  121  120  120  120  122  124  127  130  135  139  143  148  151
  155  157  158  159  158  157  155  152  148  144  140  136  132  128  124  120
  117  114  112  110  108  107  107  107  107
    77.5-180.0 180.0   5.0 450.0                            LAT/LON1/LON2/DLON/H
  114  116  119  122  127  132  138  144  152  159  166  174  180  185  190  192
  194  194  193  190  187  183  178  173  168  163  158  153  148  144  139  135
  131  128  124  121  119  117  116  117  118  121  125  129  134  139  144  149
  152  155  156  156  155  153  149  145  141  137  132  128  124  121  118  116
  114  112  111  110  110  110  111  112  114
    75.0-180.0 180.0   5.0 450.0                            LAT/LON1/LON2/DLON/H
  125  128  131  135  140  145  152  159  167  175  184  191  198  203  207  209
  210  208  205  201  196  190  184  177  171  165  160  155  151  147  143  139
  135  131  126  122  118  114  112  111  111  112  115  119  124  129  134  138
  141  143  144  143  141  137  133  129  124  120  116  114  112  110  110  109
  110  111  112  113  115  117  119  122  125
    72.5-180.0 180.0   5.0 450.0                            LAT/LON1/LON2/DLON/H
  138  142  146  150  154  159  166  173  181  189  198  205  212  217  219  220
  219  216  211  205  198  191  183  175  168  162  156  152  148  145  143  140
  137  133  128  122  117  111  107  103  101  101  103  106  110  114  118  121
  123  124  123  121  118  114  109  105  101   98   96   96   96   98  101  104
  107  110  114  118  122  126  130  134  138
    70.0-180.0 180.0   5.0 450.0                            LAT/LON1/LON2/DLON/H
  151  155  159  163  167  172  177  184  192  200  208  215  220  224  226  225
  222  218  212  204  196  187  178  169  161  154  148  144  142  140  139  138
  136  132  128  121  114  107  100   95   91   89   89   90   93   95   98  100
  100  100   98   95   91   86   82   78   76   75   76   79   83   89   94  100
  106  111  117  122  128  134  140  145  151
    67.5-180.0 180.0   5.0 450.0                            LAT/LON1/LON2/DLON/H
  160  166  170  174  177  181  186  191  198  205  213  219  224  226  227  225
  222  217  210  203  194  184  174  164  155  147  140  136  133  132  133  133
  132  129  124  118  110  101   93   86   81   77   76   76   76   77   78   78
   77   75   73   69   65   61   58   55   55   56   61   67   75   84   93  101
  108  114  119  125  132  139  146  154  160
    65.0-180.0 180.0   5.0 450.0                            LAT/LON1/LON2/DLON/H
  166  173  178  182  185  187  191  195  201  207  213  219  223  225  225  223
  220  216  210  204  196  186  176  164  153  143  135  129  126  125  126  126
  126  124  119  112  104   95   86   78   72   68   65   63   63   62   61   60
   58   55   52   49   46   43   41   40   42   46   53   63   75   87   98  106
  113  118  122  127  133  141  149  158  166
    62.5-180.0 180.0   5.0 450.0                            LAT/LON1/LON2/DLON/H
  170  178  184  188  190  192  194  197  202  206  211  216  219  221  222  221
  220  217  214  209  203  194  184  172  159  148  137  130  125  122  122  122
  121  118  114  107   98   89   80   72   66   61   58   56   54   53   50   48
   45   42   40   38   36   35   34   35   38   44   53   66   81   95  107  116
  121  123  125  128  133  141  151  161  170
    60.0-180.0 180.0   5.0 450.0                            LAT/LON1/LON2/DLON/H
  175  184  191  195  197  198  199  200  203  206  209  212  215  217  219  220
  221  221  221  219  215  208  198  186  173  160  148  139  132  127  124  122
  120  116  111  103   94   85   77   70   64   60   57   55   53   50   47   44
   41   38   36   35   35   35   36   38   41   48   60   74   91  107  120  128
  131  131  130  131  135  143  153  164  175
    57.5-180.0 180.0   5.0 450.0                            LAT/LON1/LON2/DLON/H
  185  194  202  206  208  209  208  207  207  207  208  209  212  214  217  220
  224  227  229  230  228  223  215  204  191  179  167  157  148  142  136  131
  127  121  113  105   95   86   79   72   68   64   62   59   57   54   51   47
   44   42   40   41   42   43   45   46   50   56   68   84  102  120  133  141
  142  140  138  138  142  150  161  173  185
    55.0-180.0 180.0   5.0 450.0                            LAT/LON1/LON2/DLON/H
  201  211  218  223  225  225  222  219  216  212  210  209  210  213  217  222
  227  232  237  239  239  236  229  221  211  201  191  182  173  165  157  149
  140  132  122  112  102   93   86   80   76   73   71   68   66   64   61   58
   54   52   50   51   53   55   56   57   59   65   75   91  111  130  145  153
  154  153  151  152  157  166  177  189  201
    52.5-180.0 180.0   5.0 450.0                            LAT/LON1/LON2/DLON/H
  223  232  239  244  246  245  242  236  229  222  217  213  212  214  219  224
  230  236  241  244  244  243  239  233  228  222  216  209  201  192  182  171
  160  148  136  124  114  104   97   91   88   85   83   81   79   77   75   72
   69   66   64   64   65   67   68   68   68   71   80   96  117  137  154  163
  167  168  169  173  180  191  202  213  223
    50.0-180.0 180.0   5.0 450.0                            LAT/LON1/LON2/DLON/H
  248  255  261  266  268  267  263  256  247  237  228  221  219  220  223  229
  234  238  242  244  244  244  242  241  240  239  238  235  228  219  207  194
  180  166  152  139  127  117  110  104  100   97   95   93   92   92   91   89
   86   82   78   76   76   78   78   77   75   76   83   98  120  142  161  173
  180  185  191  199  210  222  232  240  248
    47.5-180.0 180.0   5.0 450.0                            LAT/LON1/LON2/DLON/H
  270  274  279  283  286  286  282  275  265  254  243  234  230  229  232  235
  238  241  242  242  242  242  243  244  247  251  254  254  249  239  226  211
  195  180  166  152  140  130  122  116  112  109  107  105  105  106  107  106
  103   98   92   88   86   87   86   84   81   80   85  100  122  146  167  182
  193  203  215  229  243  254  262  266  270
    45.0-180.0 180.0   5.0 450.0                            LAT/LON1/LON2/DLON/H
  285  285  288  293  296  297  295  290  282  271  260  251  245  243  243  245
  245  245  243  242  241  242  244  248  253  259  264  264  259  249  234  218
  202  187  173  161  149  139  131  125  121  118  116  116  117  119  121  121
  118  112  104   98   95   95   95   92   88   85   89  103  126  151  174  192
  207  222  239  257  273  283  286  286  285
    42.5-180.0 180.0   5.0 450.0                            LAT/LON1/LON2/DLON/H
  289  287  288  292  296  299  300  299  295  288  279  271  264  260  259  258
  256  253  250  248  247  249  252  256  260  265  268  266  259  247  231  214
  199  185  174  163  153  144  136  130  126  124  123  124  126  129  132  133
  130  124  116  109  105  104  104  101   96   93   96  110  132  158  183  203
  221  240  261  281  296  303  301  295  289
    40.0-180.0 180.0   5.0 450.0                            LAT/LON1/LON2/DLON/H
  286  281  281  284  288  292  297  302  304  303  298  292  285  280  277  274
  271  266  263  261  262  265  268  270  272  272  269  263  251  235  218  202
  188  177  168  160  153  145  138  132  129  128  128  130  133  137  139  141
  139  134  126  119  115  114  114  112  107  103  106  119  142  168  193  214
  234  255  278  298  311  313  306  295  286
    37.5-180.0 180.0   5.0 450.0                            LAT/LON1/LON2/DLON/H
  279  274  273  275  278  284  292  302  312  317  318  314  307  301  296  292
  288  284  281  282  285  288  291  291  287  281  271  258  241  222  203  186
  174  166  160  156  151  145  139  134  131  131  133  136  140  142  144  145
  144  141  135  129  125  125  126  124  119  114  116  129  152  179  204  225
  245  267  290  308  317  314  303  289  279
    35.0-180.0 180.0   5.0 450.0                            LAT/LON1/LON2/DLON/H
  278  274  274  274  276  282  292  307  322  334  338  336  330  322  315  310
  306  303  303  306  311  315  317  313  305  292  276  256  234  213  192  176
  164  158  155  154  152  148  142  136  134  135  138  142  145  146  146  147
  147  146  143  139  136  135  136  134  129  123  125  137  160  187  212  234
  254  276  296  312  317  312  299  287  278
    32.5-180.0 180.0   5.0 450.0                            LAT/LON1/LON2/DLON/H
  290  291  291  291  291  296  306  322  340  354  361  360  353  343  334  328
  324  323  325  329  334  338  339  333  322  305  284  261  237  214  193  176
  164  158  157  158  158  154  148  142  139  140  144  149  151  150  148  147
  148  150  150  147  144  143  143  140  134  128  128  140  164  191  217  239
  260  280  300  313  316  311  301  294  290
    30.0-180.0 180.0   5.0 450.0                            LAT/LON1/LON2/DLON/H
  321  327  331  330  329  331  340  354  370  383  389  387  378  366  355  347
  343  342  344  347  350  352  351  345  334  317  297  274  251  229  208  190
  176  168  166  168  170  166  159  151  146  147  152  157  158  155  150  148
  149  153  154  152  148  145  143  140  132  125  125  138  162  190  217  240
  261  282  301  314  318  317  315  316  321
    27.5-180.0 180.0   5.0 450.0                            LAT/LON1/LON2/DLON/H
  370  384  391  392  390  389  394  402  412  420  423  419  408  395  382  372
  366  364  362  361  359  356  352  347  339  328  313  295  275  255  235  215
  197  185  181  183  185  182  173  163  157  156  160  165  166  162  156  152
  152  155  156  152  146  141  137  132  123  115  116  129  154  184  212  237
  260  282  302  317  326  332  341  354  370
    25.0-180.0 180.0   5.0 450.0                            LAT/LON1/LON2/DLON/H
  431  452  465  468  467  465  465  466  466  466  463  457  446  432  418  406
  398  392  384  375  364  354  346  343  341  337  330  319  304  287  267  244
  221  204  198  199  201  198  189  177  168  166  170  174  175  171  165  159
  158  158  156  149  139  130  124  117  108  101  102  116  143  174  204  230
  256  281  304  323  340  357  378  404  431
    22.5-180.0 180.0   5.0 450.0                            LAT/LON1/LON2/DLON/H
  493  522  539  547  548  546  543  536  527  517  509  502  493  481  467  455
  444  433  417  397  374  354  342  339  342  347  348  343  332  316  295  269
  241  220  210  210  214  212  202  189  180  177  180  185  187  184  178  172
  167  162  154  141  126  114  107   99   91   84   86  103  130  163  194  223
  251  280  308  334  359  386  419  457  493
    20.0-180.0 180.0   5.0 450.0                            LAT/LON1/LON2/DLON/H
  545  579  602  614  620  620  616  603  586  568  557  551  548  541  531  520
  507  491  467  435  400  368  349  344  351  361  366  362  352  335  312  283
  252  227  215  216  221  221  213  201  192  188  191  196  200  199  195  187
  178  167  150  130  110   96   88   81   73   67   72   90  119  153  185  217
  248  282  315  347  380  416  458  502  545
    17.5-180.0 180.0   5.0 450.0                            LAT/LON1/LON2/DLON/H
  578  615  641  658  669  674  671  658  636  614  602  601  606  609  606  599
  587  568  537  495  448  405  376  366  371  379  382  374  359  339  315  284
  251  225  214  216  224  226  221  211  203  201  203  208  214  216  213  204
  190  170  145  118   94   79   70   64   58   54   60   80  111  146  180  213
  248  286  324  362  401  442  487  533  578
    15.0-180.0 180.0   5.0 450.0                            LAT/LON1/LON2/DLON/H
  589  626  654  674  689  699  702  692  671  649  640  646  662  676  684  684
  676  658  624  576  519  466  428  408  404  404  397  379  355  330  304  274
  243  219  209  214  225  230  228  221  216  214  216  221  227  231  229  219
  199  171  138  105   80   65   58   53   47   45   52   74  106  142  177  213
  252  293  336  378  419  460  503  546  589
    12.5-180.0 180.0   5.0 450.0                            LAT/LON1/LON2/DLON/H
  581  616  643  663  679  694  704  702  688  671  667  681  708  735  754  765
  765  750  718  668  607  546  498  467  449  433  410  378  343  313  287  262
  236  216  209  216  229  237  237  233  229  228  230  233  237  241  240  227
  202  168  129   94   69   56   51   47   42   40   48   70  103  140  178  217
  259  303  349  394  435  472  507  543  581
    10.0-180.0 180.0   5.0 450.0                            LAT/LON1/LON2/DLON/H
  563  594  618  633  647  665  683  693  689  679  681  701  736  774  806  827
  837  831  805  757  697  633  577  533  498  464  423  375  330  297  275  257
  239  224  219  228  241  249  250  247  244  242  241  241  242  245  241  226
  197  159  118   84   62   53   50   47   41   38   46   68  102  141  181  223
  268  315  363  409  448  478  504  531  563
     7.5-180.0 180.0   5.0 450.0                            LAT/LON1/LON2/DLON/H
  545  573  592  599  606  622  648  670  678  677  683  706  745  789  829  861
  882  885  867  827  771  709  648  593  543  492  434  375  324  292  277  269
  259  248  244  251  262  268  267  262  257  253  247  243  240  238  231  214
  183  145  106   76   59   54   54   51   44   39   45   67  101  142  185  230
  277  326  376  422  459  482  499  518  545
     5.0-180.0 180.0   5.0 450.0                            LAT/LON1/LON2/DLON/H
  537  563  576  573  568  579  609  642  662  669  675  696  733  778  822  861
  889  902  893  862  815  757  696  636  575  512  445  381  331  305  299  301
  297  288  282  284  289  291  286  277  267  257  247  236  228  222  211  192
  161  126   93   70   60   59   61   57   49   43   47   67  100  142  188  236
  284  335  386  433  467  487  497  512  537
     2.5-180.0 180.0   5.0 450.0                            LAT/LON1/LON2/DLON/H
  544  571  578  563  543  546  576  618  647  659  664  678  707  746  788  827
  860  879  878  856  818  769  713  653  589  523  455  395  352  336  340  349
  349  337  325  319  317  313  302  286  269  253  237  221  208  197  183  162
  135  105   80   66   62   65   68   65   56   48   51   69  101  143  191  239
  288  338  389  437  473  491  501  517  544
