CODG2580.11I
     1.0            IONOSPHERE MAPS     GNSS                IONEX VERSION / TYPE
ADDNEQ2 V5.1        AIUB                19-SEP-11 20:18     PGM / RUN BY / DATE 
CODE'S GLOBAL IONOSPHERE MAPS FOR DAY 258, 2011             COMMENT             
Global ionosphere maps (GIM) are generated on a daily basis DESCRIPTION         
at CODE using data from about 150 GPS sites of the IGS and  DESCRIPTION         
other institutions. The vertical total electron content     DESCRIPTION         
(VTEC) is modeled in a solar-geomagnetic reference frame    DESCRIPTION         
using a spherical harmonics expansion up to degree and      DESCRIPTION         
order 15. Piece-wise linear functions are used for          DESCRIPTION         
representation in the time domain. The time spacing of      DESCRIPTION         
their vertices is 2 hours, conforming with the epochs of    DESCRIPTION         
the VTEC maps. Instrumental biases, so-called differential  DESCRIPTION         
P1-P2 code biases (DCB), for all GPS satellites and ground  DESCRIPTION         
stations are estimated as constant values for each day,     DESCRIPTION         
simultaneously with the 13 times 256, or 3328 parameters    DESCRIPTION         
used to represent the global VTEC distribution. The DCB     DESCRIPTION         
datum is defined by a zero-mean condition imposed on the    DESCRIPTION         
satellite bias estimates. P1-C1 bias corrections are taken  DESCRIPTION         
into account if needed. To convert line-of-sight TEC into   DESCRIPTION         
vertical TEC, a modified single-layer model mapping         DESCRIPTION         
function approximating the JPL extended slab model mapping  DESCRIPTION         
function is adopted. The mapping function is evaluated at   DESCRIPTION         
geodetic satellite elevation angles. For the computation of DESCRIPTION         
the ionospheric pierce points, a spherical layer with a     DESCRIPTION         
radius of 6821 km is assumed, implying geocentric, not      DESCRIPTION         
geodetic IONEX latitudes.                                   DESCRIPTION         
Note: These GIM results correspond to the results for the   DESCRIPTION         
middle day of a 3-day combination analysis solving for 37   DESCRIPTION         
times 256, or 9472 VTEC parameters and one common set of    DESCRIPTION         
satellite and 24-hour receiver DCB constants.               DESCRIPTION         
Contact address: stefan.schaer or code @aiub.unibe.ch       DESCRIPTION         
Web site:        http://www.aiub.unibe.ch/ionosphere/       DESCRIPTION         
Data archive:    ftp://ftp.unibe.ch/aiub/CODE/              DESCRIPTION         
                 http://www.aiub.unibe.ch/download/CODE/    DESCRIPTION         
  2011     9    15     0     0     0                        EPOCH OF FIRST MAP  
  2011     9    16     0     0     0                        EPOCH OF LAST MAP   
  7200                                                      INTERVAL            
    13                                                      # OF MAPS IN FILE   
  NONE                                                      MAPPING FUNCTION    
    10.0                                                    ELEVATION CUTOFF    
One-way carrier phase leveled to code                       OBSERVABLES USED    
[...]
chti chur cnmr coco conz cpxf crar cro1 ctwn daej darw dav1 COMMENT             
dgar dgav drao dubo ebre eprt fair faiv fale flin flrs frdn COMMENT             
func ganp glsv gode godz gope gras graz guam guat guug harb COMMENT             
hers hert hnpt hob2 hofn holb holm hrao iddr ieng ilha ineg COMMENT             
invk iqal iqui irkj irkt isba ispa joz2 joze jplv karr kely COMMENT             
kerg khaj khar kir0 kiru kit3 kokb kokv kosg kouc kour lama COMMENT             
lhaz lmmf lpal lpgs m0se mac1 madr mal2 mana mas1 mat1 mate COMMENT             
maui maw1 mbar mccj mcm4 mdo1 mdvj medi mets metz mizu mkea COMMENT             
mnls mobk mobs morp mqzg mtka nano nico nist nklg not1 novm COMMENT             
nrc1 nril ntus nurk nya1 ohi2 ohi3 onsa opmt pado palv pbr2 COMMENT             
pbri pdel penc pert pfa2 pie1 pimo pol2 pots prds ptag ptbb COMMENT             
qaq1 quin rabt ramo rbay rcmn recf reso reun reyk rio2 riop COMMENT             
rosa roth salu sant savo sch2 scor sele sey1 sfer smst sofi COMMENT             
spt0 sthl stjo str2 suth sutv suwn syog tabv tah1 tah2 thti COMMENT             
thu2 thu3 tid1 tidb tixg tixi tlse tn22 tow2 tro1 tsea tskb COMMENT             
twtf txes uclu ufpr unb3 unbj unbn unbt unsa urum usn3 usno COMMENT             
usud vaco vald vesl vill vtsp wab1 wab2 wes2 wgtn whit will COMMENT             
wsrt wtza wtzr wtzs wtzz wuhn xian yakt yar2 yar3 yell yssk COMMENT             
zeck zim2 zimm zwe2                                         COMMENT             
                                                            END OF HEADER       
[from data line 2574]
     7                                                      START OF TEC MAP    
  2011     9    15    12     0     0                        EPOCH OF CURRENT MAP
    87.5-180.0 180.0   5.0 450.0                            LAT/LON1/LON2/DLON/H
   90   92   93   95   96   98  100  102  104  107  109  111  113  115  117  119
  121  123  125  126  128  129  130  131  132  133  133  134  134  135  135  135
  135  135  134  134  133  132  131  130  129  128  126  125  123  121  119  117
  115  113  111  109  107  105  103  101   99   98   96   94   93   91   90   89
   89   88   88   88   88   88   89   89   90
    85.0-180.0 180.0   5.0 450.0                            LAT/LON1/LON2/DLON/H
   66   69   72   75   78   82   86   91   95  100  104  108  112  116  120  123
  127  129  132  134  137  138  140  142  143  144  145  146  147  147  148  148
  148  148  148  147  147  146  144  143  141  139  137  134  132  129  126  122
  119  115  112  108  104  101   97   93   90   86   83   79   76   73   70   68
   66   64   63   62   62   62   63   65   66
    82.5-180.0 180.0   5.0 450.0                            LAT/LON1/LON2/DLON/H
   46   49   53   57   62   68   74   80   87   93   99  105  111  116  121  125
  129  132  135  137  139  141  142  144  145  146  147  149  150  151  152  153
  154  155  155  155  155  154  153  152  150  148  146  143  139  136  132  128
  124  120  116  112  107  103   98   94   89   84   80   75   70   65   61   57
   53   50   47   45   43   43   43   44   46
    80.0-180.0 180.0   5.0 450.0                            LAT/LON1/LON2/DLON/H
   33   36   40   44   50   57   64   72   79   87   94  101  108  113  118  123
  126  129  132  134  135  137  138  139  140  142  143  145  147  149  151  153
  155  157  158  159  160  160  160  159  157  155  153  150  146  143  139  136
  132  128  124  120  117  113  108  104   99   95   89   84   78   72   66   60
   54   48   43   39   36   33   32   32   33
    77.5-180.0 180.0   5.0 450.0                            LAT/LON1/LON2/DLON/H
   30   31   34   38   43   50   58   65   74   82   89   96  103  108  113  118
  121  124  126  128  129  130  131  132  134  136  138  140  143  146  150  153
  156  159  161  163  164  164  164  163  162  160  158  155  153  149  146  143
  140  138  135  133  130  128  126  123  119  115  110  104   98   91   84   76
   68   61   53   47   41   36   33   31   30
    75.0-180.0 180.0   5.0 450.0                            LAT/LON1/LON2/DLON/H
   35   34   35   38   42   48   55   62   70   77   84   91   96  102  106  110
  114  117  119  121  123  124  126  127  129  132  135  138  142  147  151  155
  159  162  164  166  167  168  168  167  166  164  162  160  158  155  153  150
  149  147  147  146  146  146  146  145  143  140  136  131  125  117  109  101
   92   82   73   65   57   49   43   38   35
    72.5-180.0 180.0   5.0 450.0                            LAT/LON1/LON2/DLON/H
   46   42   41   41   44   49   54   61   67   73   79   85   89   94   98  102
  106  109  113  116  119  122  124  127  130  133  137  141  146  151  156  161
  165  168  170  171  172  172  171  170  169  168  166  164  162  160  158  157
  156  156  157  158  160  162  164  165  165  163  160  155  149  142  134  125
  116  106   96   86   76   67   59   51   46
    70.0-180.0 180.0   5.0 450.0                            LAT/LON1/LON2/DLON/H
   57   51   47   46   47   50   55   60   65   70   75   79   82   85   89   93
   98  103  109  114  119  123  127  130  134  138  143  148  154  159  165  169
  173  175  176  177  176  175  174  172  171  170  168  167  166  164  163  162
  161  162  164  166  170  174  177  179  180  179  176  171  165  158  150  141
  132  123  114  104   94   83   73   64   57
    67.5-180.0 180.0   5.0 450.0                            LAT/LON1/LON2/DLON/H
   63   56   51   48   48   50   54   59   63   67   71   73   75   77   80   85
   91   98  106  113  120  126  131  136  140  145  150  155  161  167  173  178
  181  182  182  181  179  177  175  173  172  171  170  170  169  167  166  165
  165  165  167  170  174  178  182  184  184  183  179  174  167  160  152  144
  137  129  121  112  103   93   82   72   63
    65.0-180.0 180.0   5.0 450.0                            LAT/LON1/LON2/DLON/H
   64   56   49   46   45   47   51   56   60   64   66   67   68   69   72   77
   84   93  103  112  121  128  134  139  144  149  154  159  166  172  178  183
  186  187  187  185  182  178  176  174  172  172  172  171  171  170  169  168
  167  167  168  170  173  177  180  181  180  177  172  165  157  149  142  135
  129  123  117  110  102   93   84   74   64
    62.5-180.0 180.0   5.0 450.0                            LAT/LON1/LON2/DLON/H
   60   51   45   40   39   41   45   50   55   59   61   62   62   62   64   69
   77   87   98  109  119  127  134  139  143  147  152  158  164  171  178  183
  187  189  189  187  183  179  176  174  173  173  173  173  173  173  172  170
  169  168  168  169  170  173  174  174  172  167  159  151  142  133  126  119
  114  110  105  100   95   87   79   69   60
    60.0-180.0 180.0   5.0 450.0                            LAT/LON1/LON2/DLON/H
   55   47   40   35   32   34   37   43   48   53   55   56   55   55   57   62
   70   81   93  104  114  122  128  133  137  141  145  150  157  165  173  180
  186  189  190  188  185  181  178  175  174  174  174  174  175  175  174  173
  171  170  168  168  168  169  170  169  165  158  149  139  129  120  112  106
  101   97   94   90   86   80   73   64   55
    57.5-180.0 180.0   5.0 450.0                            LAT/LON1/LON2/DLON/H
   56   47   39   33   29   29   31   36   41   46   49   50   49   48   50   54
   63   73   85   97  106  114  119  123  127  131  135  140  147  156  165  175
  183  188  191  191  188  185  181  179  177  176  176  176  176  177  177  177
  175  173  171  170  170  170  170  169  164  157  147  137  127  117  109  103
   98   93   89   86   82   77   71   64   56
    55.0-180.0 180.0   5.0 450.0                            LAT/LON1/LON2/DLON/H
   64   56   47   40   34   30   30   32   37   41   44   45   43   42   43   48
   56   67   78   89   98  104  109  113  117  121  126  132  139  148  159  171
  181  189  194  196  194  191  188  185  182  180  179  178  178  179  180  181
  181  180  178  177  177  177  178  176  173  166  157  147  138  129  122  115
  108  102   96   92   88   83   78   72   64
    52.5-180.0 180.0   5.0 450.0                            LAT/LON1/LON2/DLON/H
   83   75   66   57   48   41   36   35   37   39   41   41   40   38   39   43
   51   61   73   83   91   97  102  107  112  117  123  129  137  146  158  170
  183  193  200  203  202  200  197  193  190  187  184  182  181  182  184  186
  188  188  187  187  187  189  190  190  188  183  176  168  161  154  147  139
  131  122  115  108  103   99   95   89   83
    50.0-180.0 180.0   5.0 450.0                            LAT/LON1/LON2/DLON/H
  107  100   92   82   72   61   52   46   43   43   43   42   39   37   37   40
   48   59   70   81   89   95  101  106  113  120  127  134  141  150  162  174
  188  199  207  212  212  211  208  205  201  197  193  189  187  187  189  193
  196  197  198  199  200  203  205  207  206  202  197  192  187  182  176  169
  159  148  138  130  125  121  117  112  107
    47.5-180.0 180.0   5.0 450.0                            LAT/LON1/LON2/DLON/H
  130  125  119  111  100   87   74   64   57   53   50   47   43   40   38   41
   48   59   71   82   91   98  105  112  120  129  138  145  152  160  170  181
  194  206  215  221  223  223  222  220  216  211  205  199  195  194  196  200
  204  207  209  210  212  215  218  220  220  218  214  211  208  205  201  193
  182  170  159  150  145  141  138  134  130
    45.0-180.0 180.0   5.0 450.0                            LAT/LON1/LON2/DLON/H
  145  143  141  136  127  115  100   86   76   68   63   58   52   47   44   45
   51   63   76   88   98  106  113  121  131  142  152  159  166  171  178  188
  200  213  223  231  235  238  239  238  235  229  221  213  207  204  205  209
  214  218  220  221  223  225  227  228  227  225  221  219  217  215  210  203
  192  180  169  161  156  153  150  147  145
    42.5-180.0 180.0   5.0 450.0                            LAT/LON1/LON2/DLON/H
  146  146  148  149  146  136  123  109   96   87   80   73   66   58   53   52
   57   68   82   96  107  116  124  133  143  154  164  172  177  180  185  193
  204  217  230  241  249  255  258  259  257  251  241  231  222  217  217  221
  225  229  231  231  231  232  232  231  227  222  217  213  210  207  203  195
  185  173  163  157  153  151  149  147  146
    40.0-180.0 180.0   5.0 450.0                            LAT/LON1/LON2/DLON/H
  130  133  140  147  150  146  137  125  114  105   97   90   82   74   66   63
   65   75   89  104  117  127  135  142  152  163  172  179  183  184  187  193
  205  221  238  254  267  276  282  284  282  274  264  252  241  235  234  236
  240  243  244  242  240  238  235  231  224  216  208  200  194  188  182  174
  164  154  146  141  139  137  134  131  130
    37.5-180.0 180.0   5.0 450.0                            LAT/LON1/LON2/DLON/H
  104  108  117  128  138  142  139  132  125  118  112  106   99   90   81   75
   75   82   96  112  126  136  143  149  157  166  174  180  182  183  185  192
  207  227  251  272  290  303  311  312  308  299  287  274  264  257  256  258
  262  263  262  258  254  249  243  235  225  213  201  189  178  168  159  149
  140  131  125  121  119  116  112  107  104
    35.0-180.0 180.0   5.0 450.0                            LAT/LON1/LON2/DLON/H
   77   77   86  100  114  124  128  128  125  123  120  118  113  106   96   88
   84   90  103  119  134  144  150  154  158  164  170  175  177  178  181  192
  212  239  270  298  321  336  343  343  335  324  310  298  289  285  285  288
  291  291  287  281  275  268  260  250  238  224  208  192  175  160  146  134
  125  117  111  107  104   99   91   83   77
    32.5-180.0 180.0   5.0 450.0                            LAT/LON1/LON2/DLON/H
   59   55   59   70   84   97  107  112  116  118  120  122  121  118  109  100
   94   97  109  125  140  150  155  157  158  161  165  168  171  174  182  198
  225  260  298  332  357  373  378  373  361  346  332  323  318  319  322  327
  330  328  322  314  306  298  290  280  268  253  235  215  194  173  155  141
  131  124  117  111  104   96   84   70   59
    30.0-180.0 180.0   5.0 450.0                            LAT/LON1/LON2/DLON/H
   62   50   46   51   60   71   82   92  100  106  112  118  123  124  119  110
  103  104  115  131  147  157  161  161  160  159  161  164  169  177  190  214
  249  292  335  372  398  411  412  401  384  367  354  349  351  358  367  375
  378  374  365  355  347  340  334  325  315  301  284  262  237  211  190  175
  164  156  148  138  127  114   97   79   62
    27.5-180.0 180.0   5.0 450.0                            LAT/LON1/LON2/DLON/H
   89   70   56   50   50   54   63   72   82   90   98  108  118  124  123  117
  110  111  121  138  153  163  167  167  164  162  162  166  174  188  209  241
  284  333  379  415  438  446  441  425  404  386  377  379  389  403  418  428
  431  426  415  403  395  390  387  381  373  362  346  324  297  270  247  231
  221  212  201  187  172  154  134  112   89
    25.0-180.0 180.0   5.0 450.0                            LAT/LON1/LON2/DLON/H
  140  113   90   71   59   53   55   61   69   76   84   94  108  119  123  120
  115  117  128  144  160  170  174  175  172  169  169  175  188  210  239  279
  327  378  423  455  471  473  463  444  422  406  403  413  431  453  472  484
  487  479  465  452  445  442  441  438  432  424  410  390  363  335  312  297
  288  279  267  250  231  211  189  166  140
    22.5-180.0 180.0   5.0 450.0                            LAT/LON1/LON2/DLON/H
  204  174  143  113   88   71   63   63   66   69   74   83   97  111  119  119
  117  121  134  150  165  175  180  183  182  179  181  190  210  239  277  323
  374  424  463  486  494  490  477  459  440  430  435  452  478  504  525  537
  539  528  512  497  490  490  490  488  482  474  461  443  418  392  371  358
  350  343  330  313  293  273  253  230  204
    20.0-180.0 180.0   5.0 450.0                            LAT/LON1/LON2/DLON/H
  270  239  204  167  131  103   86   78   75   73   73   77   89  104  114  116
  117  123  138  155  169  178  184  189  190  190  194  208  236  273  318  367
  418  462  493  506  505  497  485  472  461  460  473  497  526  552  571  582
  582  569  550  534  527  527  527  522  513  502  489  472  449  426  407  397
  392  386  377  362  345  328  312  293  270
    17.5-180.0 180.0   5.0 450.0                            LAT/LON1/LON2/DLON/H
  323  296  261  221  180  144  119  105   96   89   82   80   88  100  108  111
  114  123  139  157  170  178  184  191  196  199  208  228  262  307  357  407
  453  490  511  514  508  498  491  486  486  496  516  543  570  592  606  614
  612  598  578  561  553  551  548  537  521  504  488  471  451  430  415  406
  403  401  395  386  376  366  355  342  323
    15.0-180.0 180.0   5.0 450.0                            LAT/LON1/LON2/DLON/H
  356  334  303  265  224  184  154  136  124  112  100   93   93  100  105  107
  109  120  139  157  169  175  181  190  199  206  220  246  288  338  390  438
  478  507  519  515  505  499  499  505  517  535  560  586  606  618  625  629
  627  615  595  578  568  563  554  535  510  485  464  445  427  408  394  386
  384  384  384  383  382  380  377  370  356
    12.5-180.0 180.0   5.0 450.0                            LAT/LON1/LON2/DLON/H
  364  347  323  291  253  215  183  163  151  138  123  111  106  106  106  104
  105  117  137  156  167  172  178  188  200  213  232  265  312  366  416  459
  493  514  520  513  505  505  514  530  550  574  598  618  627  627  626  628
  628  619  603  585  574  564  549  521  486  453  427  406  388  371  357  347
  343  345  350  359  367  375  378  374  364
    10.0-180.0 180.0   5.0 450.0                            LAT/LON1/LON2/DLON/H
  353  338  320  295  264  229  200  181  171  160  146  131  121  116  110  103
  102  113  135  156  167  170  176  188  204  222  246  284  335  389  436  472
  499  515  519  515  512  519  536  559  582  604  623  633  629  617  609  611
  616  615  603  586  573  560  538  503  461  421  391  370  352  335  318  304
  296  296  306  323  342  357  364  362  353
     7.5-180.0 180.0   5.0 450.0                            LAT/LON1/LON2/DLON/H
  330  315  300  282  257  227  201  185  179  173  162  148  136  126  116  105
  101  112  135  158  170  174  180  194  213  236  265  307  359  410  451  480
  501  514  520  522  527  541  563  586  605  620  628  625  608  587  576  582
  596  603  597  582  567  551  526  487  442  400  369  349  332  314  293  273
  258  256  267  290  317  337  346  342  330
     5.0-180.0 180.0   5.0 450.0                            LAT/LON1/LON2/DLON/H
  306  287  272  258  238  213  190  177  175  175  169  157  145  135  123  109
  102  113  137  163  178  184  192  207  230  257  290  334  384  430  464  485
  501  514  525  535  548  568  589  605  613  614  609  594  568  542  532  546
  571  587  586  573  557  539  513  476  432  394  367  350  335  316  292  264
  242  234  245  270  301  325  333  324  306
     2.5-180.0 180.0   5.0 450.0                            LAT/LON1/LON2/DLON/H
  289  263  246  232  215  193  171  161  163  168  166  157  147  139  127  113
  106  116  142  171  190  200  209  227  252  283  319  363  409  448  474  489
  501  516  533  550  570  591  606  609  600  585  567  543  513  488  485  508
  542  566  569  556  539  521  498  466  431  401  382  371  359  341  312  279
  249  235  243  268  301  325  330  315  289
