TEC/CODG3260.12I
     1.0            IONOSPHERE MAPS     GNSS                IONEX VERSION / TYPE
ADDNEQ2 V5.3        AIUB                25-NOV-12 21:22     PGM / RUN BY / DATE 
CODE'S GLOBAL IONOSPHERE MAPS FOR DAY 326, 2012             COMMENT             
Global ionosphere maps (GIM) are generated on a daily basis DESCRIPTION         
at CODE using data from about 150 GPS sites of the IGS and  DESCRIPTION         
other institutions. The vertical total electron content     DESCRIPTION         
(VTEC) is modeled in a solar-geomagnetic reference frame    DESCRIPTION         
using a spherical harmonics expansion up to degree and      DESCRIPTION         
order 15. Piece-wise linear functions are used for          DESCRIPTION         
representation in the time domain. The time spacing of      DESCRIPTION         
their vertices is 2 hours, conforming with the epochs of    DESCRIPTION         
the VTEC maps. Instrumental biases, so-called differential  DESCRIPTION         
P1-P2 code biases (DCB), for all GPS satellites and ground  DESCRIPTION         
stations are estimated as constant values for each day,     DESCRIPTION         
simultaneously with the 13 times 256, or 3328 parameters    DESCRIPTION         
used to represent the global VTEC distribution. The DCB     DESCRIPTION         
datum is defined by a zero-mean condition imposed on the    DESCRIPTION         
satellite bias estimates. P1-C1 bias corrections are taken  DESCRIPTION         
into account if needed. To convert line-of-sight TEC into   DESCRIPTION         
vertical TEC, a modified single-layer model mapping         DESCRIPTION         
function approximating the JPL extended slab model mapping  DESCRIPTION         
function is adopted. The mapping function is evaluated at   DESCRIPTION         
geodetic satellite elevation angles. For the computation of DESCRIPTION         
the ionospheric pierce points, a spherical layer with a     DESCRIPTION         
radius of 6821 km is assumed, implying geocentric, not      DESCRIPTION         
geodetic IONEX latitudes.                                   DESCRIPTION         
Note: These GIM results correspond to the results for the   DESCRIPTION         
middle day of a 3-day combination analysis solving for 37   DESCRIPTION         
times 256, or 9472 VTEC parameters and one common set of    DESCRIPTION         
satellite and 24-hour receiver DCB constants.               DESCRIPTION         
Contact address: stefan.schaer or code @aiub.unibe.ch       DESCRIPTION         
Web page:        www.aiub.unibe.ch/content/ionosphere/      DESCRIPTION         
Data archive:    ftp.unibe.ch/aiub/CODE/                    DESCRIPTION         
                 www.aiub.unibe.ch/download/CODE/           DESCRIPTION         
  2012    11    21     0     0     0                        EPOCH OF FIRST MAP  
  2012    11    22     0     0     0                        EPOCH OF LAST MAP   
  7200                                                      INTERVAL            
    13                                                      # OF MAPS IN FILE   
  NONE                                                      MAPPING FUNCTION    
    10.0                                                    ELEVATION CUTOFF    
One-way carrier phase leveled to code                       OBSERVABLES USED    
[...]
etad etdd fair faiv fale flin flrs frdn func ganp glps glsv COMMENT             
gmsd gold gope gras graz guam guat guug harb harv hers hert COMMENT             
hnpt hob2 hofn hofs holb holm hrao hyde iddr ieng iisc ilha COMMENT             
impz ineg invk iqui irkj irkt isba joz2 joze karr kat1 kely COMMENT             
kerg khar kir0 kiru kit3 kokb kokv kouc lama lck2 lcki lhaz COMMENT             
lmmf lpal lpgs m0se mac1 mag0 mal2 mana mas1 mat1 mate maui COMMENT             
maw1 mbar mccj mcm4 mdo1 mdvj medi mets mizu mkea mnls mobj COMMENT             
mobk mobs monp morp mqzg nano nico nist nklg nlib not1 novm COMMENT             
nrc1 nril nrmd ntus nurk nya1 ohi2 ohi3 onsa opmt pado palv COMMENT             
park pbr2 pbri pdel penc pert pfa2 pimo pol2 pots pove prds COMMENT             
ptag ptbb qaq1 quin rabt ramo rcmn recf reso reun reyk rio2 COMMENT             
riop rosa roth salu sant savo sch2 scor sele sey1 sfer shao COMMENT             
smst sofi spt0 ssia sthl stjo stk2 str2 suth sutv suwn sydn COMMENT             
syog tabv tah2 tash thti thu2 thu3 tid1 tidb tixg tixi tlse COMMENT             
tn22 tow2 tro1 tsea tskb twtf txes uclu ufpr ulab unb3 unbj COMMENT             
unbn unbt unsa untr urum urus usn3 usno usud vaco vald vesl COMMENT             
vill vtsp wab1 wab2 wes2 wgtn whit will wind wsrt wtza wtzr COMMENT             
wtzs wtzz wuhn xmis yakt yar2 yar3 yarr ycba yell yssk zamb COMMENT             
zeck zim2 zimm                                              COMMENT             
                                                            END OF HEADER       
[from data line 1716]
     5                                                      START OF TEC MAP    
  2012    11    21     8     0     0                        EPOCH OF CURRENT MAP
    87.5-180.0 180.0   5.0 450.0                            LAT/LON1/LON2/DLON/H
   85   86   87   89   90   91   92   93   93   94   94   95   95   95   95   95
   94   94   93   93   92   91   91   90   89   88   88   87   86   85   85   84
   83   83   82   82   81   81   80   80   80   79   79   78   78   77   77   76
   76   75   75   74   74   73   73   73   73   73   73   73   73   73   74   75
   75   76   77   78   80   81   82   84   85
    85.0-180.0 180.0   5.0 450.0                            LAT/LON1/LON2/DLON/H
   79   82   85   88   90   92   94   96   97   98   99   99   99   99   98   97
   96   94   93   91   89   87   86   84   82   80   79   78   77   76   75   74
   74   74   74   74   74   74   74   74   74   74   74   74   73   72   72   71
   70   69   67   66   65   63   62   60   59   58   57   57   57   57   57   58
   59   61   63   65   67   70   73   76   79
    82.5-180.0 180.0   5.0 450.0                            LAT/LON1/LON2/DLON/H
   70   74   78   82   86   89   92   94   95   96   97   97   96   95   94   92
   89   87   84   81   78   75   72   69   67   64   63   61   60   60   60   60
   61   62   63   64   66   68   69   70   72   73   73   74   74   74   74   73
   72   71   69   67   64   61   58   55   52   49   47   45   43   42   41   41
   42   44   46   49   53   57   61   65   70
    80.0-180.0 180.0   5.0 450.0                            LAT/LON1/LON2/DLON/H
   60   65   70   74   78   81   84   86   87   88   88   87   86   84   82   80
   77   74   71   67   63   59   56   52   49   46   44   42   42   42   43   45
   48   50   54   57   60   64   67   70   73   75   78   80   81   83   84   84
   84   83   82   79   76   72   68   63   57   52   47   42   38   35   33   31
   31   32   34   37   40   44   49   54   60
    77.5-180.0 180.0   5.0 450.0                            LAT/LON1/LON2/DLON/H
   51   56   61   65   69   72   73   75   75   74   73   72   71   69   67   65
   63   60   57   54   50   46   42   38   34   31   28   27   27   29   31   34
   38   43   48   53   58   63   68   73   77   81   85   89   93   97  100  102
  104  105  105  103  100   96   90   83   76   68   60   53   46   40   35   31
   29   28   29   30   33   37   41   46   51
    75.0-180.0 180.0   5.0 450.0                            LAT/LON1/LON2/DLON/H
   46   50   54   57   60   62   63   63   62   60   58   56   55   53   52   52
   51   50   49   46   44   40   35   31   27   23   21   20   20   22   25   30
   35   41   48   54   60   66   72   78   84   89   95  101  107  113  119  124
  129  133  135  135  133  129  122  114  105   95   84   74   64   56   48   42
   37   34   33   32   33   36   38   42   46
    72.5-180.0 180.0   5.0 450.0                            LAT/LON1/LON2/DLON/H
   44   47   50   52   54   55   55   54   52   49   46   43   41   40   41   42
   44   46   47   46   45   42   38   33   29   25   22   21   21   24   27   32
   38   45   51   58   65   71   78   84   90   97  104  111  119  128  137  146
  154  161  166  169  168  164  158  149  138  127  114  101   90   78   69   60
   53   47   43   41   39   39   40   42   44
    70.0-180.0 180.0   5.0 450.0                            LAT/LON1/LON2/DLON/H
   45   46   48   50   51   52   52   50   47   43   39   35   33   33   34   38
   42   47   50   53   53   51   48   43   38   34   31   29   30   32   35   40
   45   51   57   64   70   76   83   89   96  103  111  119  129  140  152  164
  175  186  194  198  200  197  191  181  169  156  143  129  115  103   91   81
   71   63   57   52   48   45   44   44   45
    67.5-180.0 180.0   5.0 450.0                            LAT/LON1/LON2/DLON/H
   45   45   46   48   50   51   51   50   46   42   37   33   30   30   33   38
   44   51   57   61   63   62   60   55   51   46   43   41   41   42   45   48
   53   57   62   68   74   80   87   94  101  109  117  126  137  149  162  177
  191  204  214  221  223  221  215  205  193  179  165  150  136  123  110   98
   87   77   68   61   55   51   48   46   45
    65.0-180.0 180.0   5.0 450.0                            LAT/LON1/LON2/DLON/H
   44   43   44   46   48   51   52   52   49   45   39   34   31   31   34   40
   48   56   63   69   71   71   69   65   61   57   54   52   52   52   54   56
   58   61   65   70   76   83   91   98  107  115  123  132  143  155  170  185
  201  216  228  236  238  236  229  219  206  192  178  164  149  136  122  109
   96   85   74   66   58   53   49   46   44
    62.5-180.0 180.0   5.0 450.0                            LAT/LON1/LON2/DLON/H
   42   40   40   42   45   48   51   53   51   47   42   37   33   33   36   42
   50   58   65   70   73   73   71   69   66   63   61   59   58   58   58   59
   60   63   66   71   78   86   95  104  114  123  131  140  151  163  177  193
  209  225  237  245  247  244  237  226  213  199  185  171  156  142  127  113
   99   86   74   65   57   51   47   44   42
    60.0-180.0 180.0   5.0 450.0                            LAT/LON1/LON2/DLON/H
   40   37   36   37   39   43   47   50   50   48   43   38   34   34   37   42
   49   56   62   65   67   67   66   65   64   63   62   61   60   59   58   59
   60   62   66   72   80   90  101  113  124  134  143  152  161  173  186  202
  219  234  246  253  254  251  242  231  218  204  190  176  161  146  130  113
   97   82   70   60   53   48   45   42   40
    57.5-180.0 180.0   5.0 450.0                            LAT/LON1/LON2/DLON/H
   41   38   34   32   32   34   39   43   45   44   40   36   33   33   36   40
   46   50   54   55   56   56   56   57   57   58   58   58   57   56   55   55
   57   61   67   75   86   99  112  126  139  150  159  168  176  187  200  216
  232  246  258  264  264  259  250  239  226  213  199  184  168  151  133  114
   95   79   65   55   49   46   44   43   41
    55.0-180.0 180.0   5.0 450.0                            LAT/LON1/LON2/DLON/H
   48   43   37   31   27   27   30   34   37   37   35   32   30   31   34   38
   41   43   43   42   42   42   44   47   50   52   54   53   52   50   49   51
   55   63   72   84   97  112  128  143  157  169  178  187  195  206  219  234
  249  263  273  278  277  271  263  252  239  227  213  198  181  162  141  119
   98   79   64   54   49   48   49   49   48
    52.5-180.0 180.0   5.0 450.0                            LAT/LON1/LON2/DLON/H
   62   57   47   37   28   23   24   27   30   31   30   28   28   29   33   36
   37   36   34   32   31   32   36   41   45   49   50   49   46   44   44   47
   56   67   82   97  113  130  147  163  177  189  199  207  216  227  240  255
  270  283  291  294  292  286  278  268  257  245  232  216  198  178  155  132
  108   87   71   60   56   56   60   62   62
    50.0-180.0 180.0   5.0 450.0                            LAT/LON1/LON2/DLON/H
   81   76   65   51   37   27   24   26   29   30   29   28   28   30   34   36
   36   33   29   26   25   28   34   41   47   50   51   48   43   39   39   46
   59   76   95  114  132  150  167  183  197  209  219  228  238  249  262  277
  290  300  306  308  304  299  291  283  274  263  251  235  217  197  173  149
  124  102   84   73   68   70   75   80   81
    47.5-180.0 180.0   5.0 450.0                            LAT/LON1/LON2/DLON/H
  102   99   88   71   54   40   34   33   35   36   34   32   32   35   38   40
   39   34   29   27   28   33   40   48   54   57   55   49   42   37   37   46
   64   86  110  132  152  170  186  201  214  226  237  247  258  269  282  294
  305  313  316  315  310  305  298  292  285  276  264  249  232  212  190  166
  142  119  101   88   83   84   91   98  102
    45.0-180.0 180.0   5.0 450.0                            LAT/LON1/LON2/DLON/H
  119  119  111   95   76   60   52   49   50   49   46   42   41   43   47   48
   45   40   36   35   38   45   53   60   65   66   62   54   43   36   36   47
   69   96  124  149  170  187  202  217  230  241  253  264  275  287  297  307
  313  317  317  313  308  302  297  293  287  278  267  254  238  221  201  180
  158  136  117  103   96   96  103  112  119
    42.5-180.0 180.0   5.0 450.0                            LAT/LON1/LON2/DLON/H
  127  131  127  115   98   82   73   70   69   67   62   57   54   55   58   58
   56   51   48   49   54   62   70   75   78   77   70   59   46   36   36   48
   72  103  134  161  183  200  216  230  243  256  268  280  291  300  308  313
  315  314  311  306  300  295  291  287  281  272  261  248  234  220  204  186
  166  146  128  113  104  102  107  117  127
    40.0-180.0 180.0   5.0 450.0                            LAT/LON1/LON2/DLON/H
  123  132  133  126  113  100   92   89   88   85   78   71   67   67   69   70
   68   65   64   67   74   81   87   89   89   85   77   64   48   37   36   48
   74  107  140  169  192  210  227  242  257  270  283  295  306  313  316  316
  313  310  305  301  296  291  288  283  276  265  252  238  225  212  199  184
  167  149  132  116  105  101  103  112  123
    37.5-180.0 180.0   5.0 450.0                            LAT/LON1/LON2/DLON/H
  109  120  127  126  119  110  103  100   99   96   89   82   77   78   80   82
   82   81   82   87   94  100  101  100   96   90   80   67   51   38   36   48
   75  109  144  174  199  220  239  257  273  288  301  313  322  325  324  320
  314  311  308  306  304  302  299  293  282  267  250  234  219  207  194  180
  164  148  131  116  104   96   94   99  109
    35.0-180.0 180.0   5.0 450.0                            LAT/LON1/LON2/DLON/H
   91  101  110  115  114  108  103  101  100   98   92   85   82   84   88   92
   95   97  101  107  113  115  112  106   99   91   81   68   53   40   37   50
   76  112  148  181  209  233  255  276  294  310  323  334  341  342  337  330
  325  325  328  333  336  338  335  327  312  291  268  247  229  213  197  181
  165  148  133  118  105   94   87   86   91
    32.5-180.0 180.0   5.0 450.0                            LAT/LON1/LON2/DLON/H
   79   83   91   99  101   99   95   92   90   89   85   82   82   86   93  100
  105  111  118  125  128  125  117  107   98   90   81   69   55   44   42   55
   82  119  157  193  225  253  279  302  321  336  349  359  364  364  358  352
  351  358  371  385  397  403  402  392  371  344  314  287  263  241  219  197
  177  159  144  130  117  104   91   82   79
    30.0-180.0 180.0   5.0 450.0                            LAT/LON1/LON2/DLON/H
   81   75   78   86   90   88   83   78   75   74   74   74   77   84   94  103
  112  121  130  137  137  130  118  105   95   87   80   70   58   49   50   65
   94  132  174  214  250  282  310  334  353  368  379  388  393  393  389  388
  395  413  437  462  483  496  496  484  459  425  390  356  326  296  265  236
  209  188  173  160  147  133  115   96   81
    27.5-180.0 180.0   5.0 450.0                            LAT/LON1/LON2/DLON/H
  107   88   82   85   88   86   77   68   63   63   64   68   73   81   91  102
  113  124  135  142  140  130  116  102   92   86   79   71   63   58   62   80
  112  155  201  245  284  319  349  373  390  402  412  421  427  430  431  437
  454  483  519  555  584  602  605  591  563  526  487  449  413  375  336  298
  265  240  223  211  200  185  163  135  107
    25.0-180.0 180.0   5.0 450.0                            LAT/LON1/LON2/DLON/H
  157  124  106  103  104   99   87   73   65   64   66   71   75   81   88   97
  107  120  132  139  136  125  111   99   91   86   80   74   69   68   78  101
  137  184  235  283  326  362  392  414  428  438  447  457  466  474  482  497
  523  562  606  649  683  704  709  696  666  629  590  553  514  472  425  380
  342  313  294  282  272  258  234  198  157
    22.5-180.0 180.0   5.0 450.0                            LAT/LON1/LON2/DLON/H
  229  182  153  143  140  132  117   99   88   85   87   89   88   87   87   89
   97  109  121  128  126  116  105   97   92   87   82   76   75   80   96  124
  166  218  273  324  369  406  434  454  465  474  483  495  509  522  538  560
  594  637  684  728  762  784  790  777  749  715  681  649  614  570  520  472
  431  401  380  365  356  344  320  280  229
    20.0-180.0 180.0   5.0 450.0                            LAT/LON1/LON2/DLON/H
  311  255  216  200  194  185  168  149  136  131  129  125  115  102   90   83
   85   94  106  113  113  107  100   96   94   89   83   79   80   91  114  148
  195  251  309  363  409  445  471  488  499  507  518  534  552  572  593  621
  658  700  742  779  809  828  832  821  797  770  746  724  695  656  608  561
  523  492  469  451  440  430  409  368  311
    17.5-180.0 180.0   5.0 450.0                            LAT/LON1/LON2/DLON/H
  391  330  285  264  257  249  233  216  204  197  191  178  155  127  100   82
   75   81   91   99  101   99   98   98   97   93   85   81   86  102  130  170
  221  279  339  393  438  473  498  515  527  538  552  572  595  618  644  673
  707  742  774  799  819  832  834  824  805  787  776  767  750  718  676  636
  603  575  548  526  512  503  486  449  391
    15.0-180.0 180.0   5.0 450.0                            LAT/LON1/LON2/DLON/H
  455  394  348  325  318  313  302  290  282  276  264  241  205  161  120   89
   75   75   84   93   97   98  100  103  102   97   88   84   92  113  146  189
  241  300  358  410  453  487  512  532  547  563  582  606  632  657  683  711
  739  763  779  790  798  803  803  794  781  773  775  779  774  751  718  687
  661  637  609  580  560  551  539  509  455
    12.5-180.0 180.0   5.0 450.0                            LAT/LON1/LON2/DLON/H
  493  437  392  370  365  364  361  358  356  352  337  305  257  201  148  109
   87   83   90   99  104  106  109  111  109  102   93   90  100  124  160  204
  256  311  365  414  454  487  514  537  559  581  606  633  659  685  709  732
  751  763  766  763  760  759  756  748  740  741  754  770  774  758  733  710
  694  674  643  607  579  568  560  538  493
    10.0-180.0 180.0   5.0 450.0                            LAT/LON1/LON2/DLON/H
  500  453  413  393  390  395  400  407  413  413  396  358  302  240  182  139
  114  107  112  119  123  124  124  123  119  110  101  100  111  137  173  216
  264  314  363  406  442  475  505  534  562  591  620  648  674  696  716  734
  747  750  743  731  722  719  715  708  703  711  732  754  761  748  726  710
  700  684  650  606  570  554  549  535  500
     7.5-180.0 180.0   5.0 450.0                            LAT/LON1/LON2/DLON/H
  479  442  409  393  392  400  413  429  444  448  431  390  334  273  218  176
  151  143  146  151  152  149  144  139  131  122  114  114  127  152  186  225
  268  312  354  390  424  456  489  523  557  590  621  649  672  690  706  720
  730  729  719  707  699  698  696  691  689  699  723  745  749  732  708  692
  686  671  635  584  539  517  512  503  479
     5.0-180.0 180.0   5.0 450.0                            LAT/LON1/LON2/DLON/H
  438  411  386  373  374  384  402  425  446  453  437  399  348  295  249  213
  192  184  185  187  184  176  165  154  145  137  132  135  147  169  198  233
  270  308  342  374  404  436  471  508  544  579  609  634  652  665  678  692
  702  705  701  697  698  703  706  704  704  715  736  753  747  720  687  667
  659  645  606  549  497  467  459  454  438
     2.5-180.0 180.0   5.0 450.0                            LAT/LON1/LON2/DLON/H
  388  371  354  345  345  355  374  400  423  431  416  383  341  302  269  244
  227  219  219  218  211  198  182  168  159  154  154  159  169  186  210  238
  271  303  333  360  388  419  455  491  526  557  583  603  616  625  636  651
  667  679  688  698  713  730  741  743  744  754  770  777  758  715  670  641
  628  611  572  512  454  418  404  398  388
