TEC/CODG0440.12I
     1.0            IONOSPHERE MAPS     GNSS                IONEX VERSION / TYPE
ADDNEQ2 V5.1        AIUB                20-FEB-12 14:08     PGM / RUN BY / DATE 
CODE'S GLOBAL IONOSPHERE MAPS FOR DAY 044, 2012             COMMENT             
Global ionosphere maps (GIM) are generated on a daily basis DESCRIPTION         
at CODE using data from about 150 GPS sites of the IGS and  DESCRIPTION         
other institutions. The vertical total electron content     DESCRIPTION         
(VTEC) is modeled in a solar-geomagnetic reference frame    DESCRIPTION         
using a spherical harmonics expansion up to degree and      DESCRIPTION         
order 15. Piece-wise linear functions are used for          DESCRIPTION         
representation in the time domain. The time spacing of      DESCRIPTION         
their vertices is 2 hours, conforming with the epochs of    DESCRIPTION         
the VTEC maps. Instrumental biases, so-called differential  DESCRIPTION         
P1-P2 code biases (DCB), for all GPS satellites and ground  DESCRIPTION         
stations are estimated as constant values for each day,     DESCRIPTION         
simultaneously with the 13 times 256, or 3328 parameters    DESCRIPTION         
used to represent the global VTEC distribution. The DCB     DESCRIPTION         
datum is defined by a zero-mean condition imposed on the    DESCRIPTION         
satellite bias estimates. P1-C1 bias corrections are taken  DESCRIPTION         
into account if needed. To convert line-of-sight TEC into   DESCRIPTION         
vertical TEC, a modified single-layer model mapping         DESCRIPTION         
function approximating the JPL extended slab model mapping  DESCRIPTION         
function is adopted. The mapping function is evaluated at   DESCRIPTION         
geodetic satellite elevation angles. For the computation of DESCRIPTION         
the ionospheric pierce points, a spherical layer with a     DESCRIPTION         
radius of 6821 km is assumed, implying geocentric, not      DESCRIPTION         
geodetic IONEX latitudes.                                   DESCRIPTION         
Note: These GIM results correspond to the results for the   DESCRIPTION         
middle day of a 3-day combination analysis solving for 37   DESCRIPTION         
times 256, or 9472 VTEC parameters and one common set of    DESCRIPTION         
satellite and 24-hour receiver DCB constants.               DESCRIPTION         
Contact address: stefan.schaer or code @aiub.unibe.ch       DESCRIPTION         
Web site:        http://www.aiub.unibe.ch/ionosphere/       DESCRIPTION         
Data archive:    ftp://ftp.unibe.ch/aiub/CODE/              DESCRIPTION         
                 http://www.aiub.unibe.ch/download/CODE/    DESCRIPTION         
  2012     2    13     0     0     0                        EPOCH OF FIRST MAP  
  2012     2    14     0     0     0                        EPOCH OF LAST MAP   
  7200                                                      INTERVAL            
    13                                                      # OF MAPS IN FILE   
  NONE                                                      MAPPING FUNCTION    
    10.0                                                    ELEVATION CUTOFF    
One-way carrier phase leveled to code                       OBSERVABLES USED    
[...]
chpi chti chur cnmr coco conz coyq cpxf crar cro1 ctwn daej COMMENT             
darw dav1 dgar dgav dhlg drao dubo ebre etad fair faiv fale COMMENT             
flin flrs frdn func ganp glsv gode godz gold gope gras graz COMMENT             
guam guug harb hers hert hnpt hob2 hofn holb holm hrao hyde COMMENT             
iddr ieng iisc ineg invk iqal iqui irkj irkt isba ispa joz2 COMMENT             
joze jplv karr kely kerg khaj khar kir0 kiru kit3 kokb kokv COMMENT             
kouc lama lhaz lmmf lpal lpgs m0se mac1 madr mag0 mal2 mas1 COMMENT             
mat1 mate maui maw1 mcm4 mdo1 mdvj medi mets metz mizu mkea COMMENT             
mnls mobj mobk mobs monp morp mqzg nano nico nist nklg nlib COMMENT             
not1 novm nrc1 nril nrmd ntus nurk nya1 ohi2 ohi3 onsa opmt COMMENT             
pado palv park pdel penc pfa2 pie1 pimo pol2 pots pove prds COMMENT             
ptbb qaq1 quin rabt ramo reso reun reyk rio2 riop rosa roth COMMENT             
salu sant savo sch2 scor scub sele sfer shao smst sofi spt0 COMMENT             
sthl stjo str2 suth sutv suwn sydn syog tabv tah1 tah2 thti COMMENT             
thu2 thu3 tid1 tidb tixg tixi tlse tn22 tow2 tro1 tsea tskb COMMENT             
twtf txes uclu ufpr ulab unb3 unbj unbn unbt unsa urus usn3 COMMENT             
usno usud vaco vald vesl vill vtsp wab2 wes2 wgtn whit will COMMENT             
wsrt wtza wtzr wtzs wtzz wuhn xmis yakt yar2 yar3 yarr ycba COMMENT             
yell yssk zeck zim2 zimm zwe2                               COMMENT             
                                                            END OF HEADER       
[from data line 1287]
     4                                                      START OF TEC MAP    
  2012     2    13     6     0     0                        EPOCH OF CURRENT MAP
    87.5-180.0 180.0   5.0 450.0                            LAT/LON1/LON2/DLON/H
   39   40   40   40   41   42   42   43   44   45   46   47   49   50   51   52
   53   54   55   56   57   58   59   60   61   61   62   62   63   63   63   63
   64   64   63   63   63   63   62   62   62   61   61   60   59   59   58   57
   56   56   55   54   53   52   51   50   49   48   47   46   45   44   44   43
   42   41   41   40   40   40   39   39   39
    85.0-180.0 180.0   5.0 450.0                            LAT/LON1/LON2/DLON/H
   31   31   31   32   33   34   36   38   40   42   44   46   48   50   52   54
   56   58   60   62   63   65   66   67   68   69   70   71   72   72   73   73
   73   73   73   72   72   72   71   70   70   69   68   68   67   66   65   65
   64   63   63   62   61   60   58   57   56   54   52   50   48   46   44   42
   40   38   37   35   34   32   32   31   31
    82.5-180.0 180.0   5.0 450.0                            LAT/LON1/LON2/DLON/H
   28   27   27   27   29   30   32   34   37   40   43   45   48   51   53   55
   58   60   61   63   65   66   68   69   70   72   73   74   75   75   76   77
   77   77   77   76   76   75   74   74   73   72   72   72   72   72   72   73
   73   74   74   75   75   75   74   73   72   70   68   65   63   59   56   53
   49   45   42   39   36   33   31   29   28
    80.0-180.0 180.0   5.0 450.0                            LAT/LON1/LON2/DLON/H
   31   29   27   27   28   29   31   33   36   39   42   45   47   50   52   54
   55   57   58   59   60   62   63   64   66   67   68   70   71   72   73   74
   74   75   74   74   73   72   71   71   70   70   70   71   72   74   77   80
   83   86   89   92   94   96   97   97   96   95   93   90   86   82   78   73
   68   63   57   52   47   42   38   34   31
    77.5-180.0 180.0   5.0 450.0                            LAT/LON1/LON2/DLON/H
   39   35   32   30   29   30   31   33   36   38   41   43   45   46   47   48
   49   49   50   51   51   52   54   55   56   58   60   61   63   64   66   67
   67   67   67   66   65   64   62   61   61   61   63   65   68   73   78   84
   91   98  105  111  116  120  123  124  125  124  122  119  115  110  105  100
   93   87   80   73   65   58   51   45   39
    75.0-180.0 180.0   5.0 450.0                            LAT/LON1/LON2/DLON/H
   51   44   38   35   32   32   32   34   35   37   39   40   41   41   40   40
   39   39   39   40   41   42   43   45   46   48   50   52   53   55   56   57
   57   57   56   55   53   51   49   48   47   48   50   54   60   68   77   87
   98  109  119  129  137  143  148  150  151  150  148  145  141  137  132  126
  120  113  105   96   87   78   68   59   51
    72.5-180.0 180.0   5.0 450.0                            LAT/LON1/LON2/DLON/H
   63   53   46   40   36   34   33   34   35   36   37   36   36   34   32   31
   29   29   29   30   32   34   36   37   39   41   43   44   46   47   48   48
   48   47   45   42   39   36   34   32   32   33   37   42   50   61   73   87
  102  117  132  144  155  162  167  170  170  168  166  162  159  155  151  147
  141  135  127  118  108   97   85   74   63
    70.0-180.0 180.0   5.0 450.0                            LAT/LON1/LON2/DLON/H
   73   61   51   44   38   35   34   34   35   35   35   33   31   28   25   23
   21   21   22   25   27   30   33   36   38   39   40   41   42   42   43   42
   41   38   35   31   27   23   19   18   18   20   25   32   42   55   70   88
  106  124  141  156  168  175  180  181  179  176  172  169  165  163  160  157
  154  149  142  134  123  112   99   86   73
    67.5-180.0 180.0   5.0 450.0                            LAT/LON1/LON2/DLON/H
   80   67   55   46   40   36   34   34   35   35   34   32   28   24   21   18
   17   18   21   25   29   33   36   39   41   42   42   42   42   41   41   39
   36   33   28   22   17   12    9    7    8   12   18   26   38   53   70   89
  110  130  149  165  176  183  185  184  180  174  169  165  162  160  160  159
  157  154  149  141  132  120  107   94   80
    65.0-180.0 180.0   5.0 450.0                            LAT/LON1/LON2/DLON/H
   83   70   58   48   41   37   35   35   36   36   35   32   29   24   21   18
   18   21   25   30   35   40   43   45   46   46   46   45   44   43   41   39
   35   30   24   18   11    7    4    3    6   11   18   28   40   56   73   93
  115  136  156  171  182  187  187  183  176  168  161  156  154  153  154  155
  155  154  149  143  134  123  110   97   83
    62.5-180.0 180.0   5.0 450.0                            LAT/LON1/LON2/DLON/H
   85   72   60   50   42   38   37   37   38   39   38   35   31   27   24   23
   24   27   32   38   43   47   50   51   51   50   49   47   46   44   42   39
   35   30   23   17   11    6    5    6   11   18   27   37   50   65   82  101
  123  144  163  178  188  191  189  182  173  164  156  151  148  149  150  152
  153  151  147  140  132  122  110   98   85
    60.0-180.0 180.0   5.0 450.0                            LAT/LON1/LON2/DLON/H
   87   75   63   53   45   41   39   40   41   42   41   39   36   32   30   30
   32   36   41   46   50   53   54   53   52   50   49   47   45   44   42   39
   36   31   25   19   14   11   11   15   22   32   42   53   65   79   95  113
  134  154  173  188  196  199  195  187  177  167  159  153  151  152  153  155
  154  152  146  138  129  120  109   99   87
    57.5-180.0 180.0   5.0 450.0                            LAT/LON1/LON2/DLON/H
   92   80   69   58   50   45   43   43   44   45   45   43   40   38   37   38
   40   44   48   52   53   53   52   50   48   47   45   44   43   41   40   38
   36   33   29   24   20   19   22   29   38   50   62   73   85   97  112  129
  148  168  186  200  208  210  206  198  189  179  172  167  165  164  165  164
  162  157  149  140  130  120  111  102   92
    55.0-180.0 180.0   5.0 450.0                            LAT/LON1/LON2/DLON/H
  100   89   77   66   57   51   48   47   48   48   47   45   43   42   42   44
   46   50   52   53   52   49   46   44   42   41   40   40   39   38   37   37
   36   35   33   31   29   30   35   44   56   70   83   95  106  118  131  147
  164  183  200  214  222  225  222  215  207  199  193  188  185  184  182  179
  174  167  156  145  134  125  117  109  100
    52.5-180.0 180.0   5.0 450.0                            LAT/LON1/LON2/DLON/H
  111  101   88   76   65   58   55   53   52   50   48   46   45   44   45   47
   49   51   52   51   47   43   39   36   36   37   37   37   36   35   34   35
   36   38   39   39   39   42   48   59   73   89  103  116  127  138  151  166
  183  200  216  228  236  239  238  233  227  221  215  210  206  203  198  193
  186  177  165  153  142  133  126  120  111
    50.0-180.0 180.0   5.0 450.0                            LAT/LON1/LON2/DLON/H
  124  113  100   86   75   67   63   59   57   53   50   47   45   45   46   47
   49   50   49   46   42   37   34   33   34   37   39   39   37   35   33   34
   37   41   45   47   49   53   61   73   88  105  120  134  146  159  172  186
  201  216  230  241  248  250  249  246  241  236  231  226  220  213  207  200
  192  183  171  160  150  143  138  132  124
    47.5-180.0 180.0   5.0 450.0                            LAT/LON1/LON2/DLON/H
  136  125  110   96   85   77   72   68   64   59   54   50   47   46   46   47
   47   47   46   43   39   36   35   36   40   45   48   47   43   38   35   35
   40   46   52   56   59   63   71   84  100  118  135  150  164  178  192  205
  218  230  240  248  254  255  254  250  246  241  236  229  220  211  202  195
  188  181  172  163  155  151  148  144  136
    45.0-180.0 180.0   5.0 450.0                            LAT/LON1/LON2/DLON/H
  144  133  118  104   94   87   82   78   73   67   61   56   53   51   49   48
   46   45   44   43   42   41   43   48   54   60   62   59   53   45   40   39
   44   51   58   63   67   71   79   93  110  128  147  164  180  195  210  223
  233  241  247  251  254  254  252  247  241  235  228  219  208  196  186  179
  175  171  165  160  156  154  154  151  144
    42.5-180.0 180.0   5.0 450.0                            LAT/LON1/LON2/DLON/H
  147  135  121  108  100   95   92   89   84   78   72   66   63   59   56   52
   49   48   48   49   51   54   59   66   74   79   80   74   65   55   47   46
   50   57   65   70   73   77   86  100  118  138  158  177  194  211  226  237
  244  247  249  251  252  251  246  239  231  223  215  204  190  176  165  159
  158  157  156  153  152  152  154  153  147
    40.0-180.0 180.0   5.0 450.0                            LAT/LON1/LON2/DLON/H
  142  131  118  108  103  101  100   98   95   90   85   80   76   72   67   62
   58   56   57   61   66   72   79   87   95   98   97   89   77   65   56   54
   57   63   70   74   77   81   90  106  127  149  170  189  208  225  239  248
  251  251  250  251  252  250  244  235  225  217  208  196  181  165  153  147
  147  149  149  147  146  148  150  149  142
    37.5-180.0 180.0   5.0 450.0                            LAT/LON1/LON2/DLON/H
  133  122  111  104  102  103  105  105  104  101   98   95   92   88   82   76
   70   68   71   76   84   92  100  107  113  114  109   98   86   74   65   62
   64   69   74   76   78   83   94  113  137  161  182  202  219  236  248  254
  255  253  252  255  259  260  255  245  235  227  219  208  193  176  162  155
  155  156  154  149  144  143  143  141  133
    35.0-180.0 180.0   5.0 450.0                            LAT/LON1/LON2/DLON/H
  122  110  101   97   98  101  105  107  108  108  108  107  106  103   98   91
   85   83   86   93  101  108  116  121  124  121  114  103   91   81   74   71
   72   74   76   77   78   84   98  121  148  174  195  213  229  243  253  258
  258  257  260  269  279  285  283  276  268  262  258  251  237  218  202  192
  188  185  176  163  151  143  138  132  122
    32.5-180.0 180.0   5.0 450.0                            LAT/LON1/LON2/DLON/H
  112   99   91   89   91   95   99  102  106  109  112  113  114  113  110  105
  100   98  100  105  112  118  124  127  126  121  112  101   93   87   83   80
   79   78   77   77   78   86  103  130  160  187  208  223  236  247  256  260
  262  266  276  294  313  327  332  329  326  326  328  326  314  294  274  259
  249  238  219  194  171  152  139  126  112
    30.0-180.0 180.0   5.0 450.0                            LAT/LON1/LON2/DLON/H
  108   92   83   82   84   87   90   93   98  104  109  112  115  117  117  113
  109  107  108  111  115  119  123  123  121  113  104   97   93   92   91   89
   86   82   79   77   78   88  109  139  172  199  218  231  240  250  258  264
  271  282  302  330  360  383  395  399  403  411  421  424  414  393  369  349
  331  310  279  241  204  173  149  128  108
    27.5-180.0 180.0   5.0 450.0                            LAT/LON1/LON2/DLON/H
  113   93   83   79   79   79   79   82   88   95  101  105  110  114  116  115
  112  109  107  108  110  112  114  114  110  103   95   91   93   98  100   98
   92   85   80   78   81   92  115  148  182  209  226  236  243  252  262  272
  286  307  337  375  413  443  462  474  486  503  521  529  521  498  470  444
  420  389  348  297  247  204  170  140  113
    25.0-180.0 180.0   5.0 450.0                            LAT/LON1/LON2/DLON/H
  130  105   91   84   80   75   71   73   80   87   93   96  100  106  110  111
  108  103   99   97   97   98  101  102  100   94   88   89   96  105  110  106
   97   88   83   81   85   97  122  155  189  216  231  239  246  256  269  287
  309  338  377  421  464  498  522  540  560  584  608  621  613  588  556  527
  498  463  414  355  295  243  200  162  130
    22.5-180.0 180.0   5.0 450.0                            LAT/LON1/LON2/DLON/H
  157  128  109   98   88   78   71   71   78   85   89   90   93   98  103  103
   99   92   85   81   80   82   88   92   93   89   86   90  102  114  119  113
  102   91   86   86   91  104  128  160  194  219  233  241  250  263  283  307
  337  374  417  462  503  537  561  583  607  637  665  679  671  644  611  580
  552  516  466  405  342  286  238  195  157
    20.0-180.0 180.0   5.0 450.0                            LAT/LON1/LON2/DLON/H
  195  162  140  122  106   90   80   81   88   94   96   94   94   97  100   97
   90   79   70   65   65   70   80   88   92   90   89   96  111  124  128  119
  105   93   89   91   96  109  131  162  194  218  233  243  256  276  302  333
  369  409  451  491  525  552  573  595  621  652  680  693  683  656  624  596
  572  542  497  440  381  327  279  235  195
    17.5-180.0 180.0   5.0 450.0                            LAT/LON1/LON2/DLON/H
  241  207  180  157  135  114  102  103  110  116  115  110  107  106  105   98
   86   72   61   55   57   66   79   92   99   98   98  106  121  134  135  123
  106   94   91   94  100  112  132  161  192  216  232  246  265  291  324  361
  399  438  474  504  527  543  558  576  600  629  655  664  653  626  598  577
  562  541  506  459  409  364  322  281  241
    15.0-180.0 180.0   5.0 450.0                            LAT/LON1/LON2/DLON/H
  292  258  228  200  172  148  135  136  144  150  147  140  133  129  122  109
   92   74   62   57   60   71   88  104  111  111  110  117  131  142  140  125
  105   93   91   94  100  111  130  157  187  212  231  250  276  308  346  386
  424  458  485  502  512  516  522  535  555  579  600  606  594  570  548  536
  531  521  498  464  427  394  362  328  292
    12.5-180.0 180.0   5.0 450.0                            LAT/LON1/LON2/DLON/H
  343  312  280  248  216  189  175  176  185  190  186  179  171  163  151  132
  109   90   77   72   75   87  105  120  127  125  123  128  140  148  143  124
  103   90   87   91   96  105  123  150  180  207  230  254  286  324  364  404
  438  465  482  489  486  481  480  487  502  520  535  538  527  508  494  491
  496  495  483  461  438  418  398  373  343
    10.0-180.0 180.0   5.0 450.0                            LAT/LON1/LON2/DLON/H
  391  363  331  296  260  231  217  218  226  230  227  221  214  204  187  162
  137  117  105  100  102  111  126  139  144  140  135  138  147  152  144  123
   99   85   81   83   87   96  114  142  173  202  229  258  293  334  375  412
  441  461  470  469  460  450  445  448  458  471  481  483  475  464  458  464
  474  479  473  459  446  438  429  414  391
     7.5-180.0 180.0   5.0 450.0                            LAT/LON1/LON2/DLON/H
  431  406  375  339  301  270  254  254  259  263  261  258  253  243  223  196
  170  153  143  138  137  140  148  156  157  152  146  147  153  155  144  121
   96   79   72   72   75   84  104  134  166  198  227  258  296  337  376  409
  433  448  453  450  441  433  428  430  438  447  456  459  456  453  455  466
  478  483  476  464  456  454  454  447  431
     5.0-180.0 180.0   5.0 450.0                            LAT/LON1/LON2/DLON/H
  458  438  408  371  332  300  283  279  281  282  283  284  283  274  253  226
  203  190  185  180  173  168  167  169  167  161  155  154  158  157  144  120
   94   74   64   60   63   74   96  127  161  194  224  256  294  333  369  398
  417  430  435  436  435  433  434  439  446  455  465  471  475  480  488  501
  510  508  495  478  468  468  471  470  458
     2.5-180.0 180.0   5.0 450.0                            LAT/LON1/LON2/DLON/H
  471  453  425  389  350  317  298  290  288  287  289  295  298  291  270  246
  228  223  223  218  205  191  181  177  173  166  161  160  162  158  144  120
   93   72   58   52   54   66   91  124  158  190  220  252  287  323  356  381
  398  410  421  430  440  450  459  468  479  490  503  515  526  537  549  560
  563  550  524  498  481  477  480  480  471
