TEC/CODG3240.12I
     1.0            IONOSPHERE MAPS     GNSS                IONEX VERSION / TYPE
ADDNEQ2 V5.3        AIUB                23-NOV-12 20:37     PGM / RUN BY / DATE 
CODE'S GLOBAL IONOSPHERE MAPS FOR DAY 324, 2012             COMMENT             
Global ionosphere maps (GIM) are generated on a daily basis DESCRIPTION         
at CODE using data from about 150 GPS sites of the IGS and  DESCRIPTION         
other institutions. The vertical total electron content     DESCRIPTION         
(VTEC) is modeled in a solar-geomagnetic reference frame    DESCRIPTION         
using a spherical harmonics expansion up to degree and      DESCRIPTION         
order 15. Piece-wise linear functions are used for          DESCRIPTION         
representation in the time domain. The time spacing of      DESCRIPTION         
their vertices is 2 hours, conforming with the epochs of    DESCRIPTION         
the VTEC maps. Instrumental biases, so-called differential  DESCRIPTION         
P1-P2 code biases (DCB), for all GPS satellites and ground  DESCRIPTION         
stations are estimated as constant values for each day,     DESCRIPTION         
simultaneously with the 13 times 256, or 3328 parameters    DESCRIPTION         
used to represent the global VTEC distribution. The DCB     DESCRIPTION         
datum is defined by a zero-mean condition imposed on the    DESCRIPTION         
satellite bias estimates. P1-C1 bias corrections are taken  DESCRIPTION         
into account if needed. To convert line-of-sight TEC into   DESCRIPTION         
vertical TEC, a modified single-layer model mapping         DESCRIPTION         
function approximating the JPL extended slab model mapping  DESCRIPTION         
function is adopted. The mapping function is evaluated at   DESCRIPTION         
geodetic satellite elevation angles. For the computation of DESCRIPTION         
the ionospheric pierce points, a spherical layer with a     DESCRIPTION         
radius of 6821 km is assumed, implying geocentric, not      DESCRIPTION         
geodetic IONEX latitudes.                                   DESCRIPTION         
Note: These GIM results correspond to the results for the   DESCRIPTION         
middle day of a 3-day combination analysis solving for 37   DESCRIPTION         
times 256, or 9472 VTEC parameters and one common set of    DESCRIPTION         
satellite and 24-hour receiver DCB constants.               DESCRIPTION         
Contact address: stefan.schaer or code @aiub.unibe.ch       DESCRIPTION         
Web page:        www.aiub.unibe.ch/content/ionosphere/      DESCRIPTION         
Data archive:    ftp.unibe.ch/aiub/CODE/                    DESCRIPTION         
                 www.aiub.unibe.ch/download/CODE/           DESCRIPTION         
  2012    11    19     0     0     0                        EPOCH OF FIRST MAP  
  2012    11    20     0     0     0                        EPOCH OF LAST MAP   
  7200                                                      INTERVAL            
    13                                                      # OF MAPS IN FILE   
  NONE                                                      MAPPING FUNCTION    
    10.0                                                    ELEVATION CUTOFF    
One-way carrier phase leveled to code                       OBSERVABLES USED    
[...]
fair faiv fale flin flrs frdn func ganp glps glsv gmsd gold COMMENT             
gope gras graz guam guat guug harb harv hers hert hnpt hob2 COMMENT             
hofn hofs holb holm hrao iddr ieng iisc ilha ineg invk iqui COMMENT             
irkj irkt isba joz2 joze karr kat1 kely kerg khar kir0 kiru COMMENT             
kit3 kokb kokv kosg kouc lama lck2 lcki lhaz lmmf lpal lpgs COMMENT             
m0se mac1 mag0 mal2 mana mas1 mat1 mate maui maw1 mbar mccj COMMENT             
mcm4 mdo1 mdvj medi mets mizu mkea mnls mobj mobk mobs monp COMMENT             
morp mqzg nano nico nist nklg nlib not1 novm nrc1 nril nrmd COMMENT             
ntus nurk nya1 ohi2 ohi3 onsa opmt pado palv park pbr2 pbri COMMENT             
pdel penc pert pfa2 pimo pol2 pots pove prds ptag ptbb qaq1 COMMENT             
quin rabt ramo rcmn recf reso reun reyk rio2 riop rosa roth COMMENT             
salu sant savo sch2 scor sele sey1 sfer shao smst sofi spt0 COMMENT             
ssia sthl stjo stk2 str2 suth sutv suwn sydn syog tabv tah1 COMMENT             
tah2 tash thti thu2 thu3 tid1 tidb tixg tixi tlse tn22 tow2 COMMENT             
tro1 tsea tskb twtf txes uclu ufpr ulab unb3 unbj unbn unbt COMMENT             
unsa untr urum urus usn3 usno usud vaco vald vesl vill vtsp COMMENT             
wab1 wab2 wes2 wgtn whit will wind wsrt wtza wtzr wtzs wtzz COMMENT             
wuhn xmis yakt yar2 yar3 yarr ycba yell yssk zamb zeck zim2 COMMENT             
zimm                                                        COMMENT             
                                                            END OF HEADER       
[from data line 4719]
    12                                                      START OF TEC MAP    
  2012    11    19    22     0     0                        EPOCH OF CURRENT MAP
    87.5-180.0 180.0   5.0 450.0                            LAT/LON1/LON2/DLON/H
  121  122  123  124  125  126  127  128  129  130  131  131  132  132  132  132
  132  131  131  131  130  129  129  128  127  126  126  125  124  123  122  122
  121  120  120  119  119  118  118  117  117  117  116  116  116  115  115  115
  114  114  114  114  114  114  113  113  113  113  113  113  114  114  114  114
  115  115  116  117  117  118  119  120  121
    85.0-180.0 180.0   5.0 450.0                            LAT/LON1/LON2/DLON/H
  113  116  118  121  124  127  130  132  135  137  138  139  140  140  140  139
  138  137  135  133  131  129  127  125  123  122  120  118  117  116  115  114
  113  112  112  111  111  110  110  109  109  109  108  108  107  107  107  106
  106  106  105  105  105  104  104  104  103  103  102  102  102  101  101  101
  102  102  103  104  105  107  108  111  113
    82.5-180.0 180.0   5.0 450.0                            LAT/LON1/LON2/DLON/H
  102  106  111  116  122  127  132  137  141  145  147  149  150  149  148  145
  142  138  134  130  125  121  118  114  111  109  107  105  104  104  103  103
  103  103  103  103  102  102  102  102  102  101  101  100  100  100   99   99
   98   98   98   97   97   96   95   94   94   93   92   91   90   89   88   87
   87   87   87   88   90   92   95   98  102
    80.0-180.0 180.0   5.0 450.0                            LAT/LON1/LON2/DLON/H
   93   99  107  114  122  130  138  146  152  157  160  162  161  159  154  149
  142  134  126  118  111  105  100   95   92   90   89   89   89   90   91   92
   94   95   96   97   97   97   97   97   97   96   96   95   94   94   93   92
   92   91   90   90   89   88   87   86   85   83   82   80   79   77   76   75
   74   73   74   75   77   79   83   88   93
    77.5-180.0 180.0   5.0 450.0                            LAT/LON1/LON2/DLON/H
   92  100  109  119  130  140  151  160  169  175  178  179  176  170  162  151
  138  125  113  101   91   82   76   72   70   70   71   73   75   79   82   85
   88   91   93   95   96   96   96   95   94   93   92   91   90   89   88   87
   86   85   84   83   81   80   79   78   76   75   73   72   70   68   66   65
   64   64   64   66   69   73   78   84   92
    75.0-180.0 180.0   5.0 450.0                            LAT/LON1/LON2/DLON/H
  100  111  122  133  146  158  171  182  192  199  203  202  196  185  171  153
  134  114   96   80   68   59   53   51   51   53   56   61   66   71   77   82
   86   90   93   95   96   96   96   94   93   91   90   88   87   86   84   83
   81   79   77   75   73   71   70   69   67   66   65   63   62   60   59   58
   58   59   61   64   69   75   83   91  100
    72.5-180.0 180.0   5.0 450.0                            LAT/LON1/LON2/DLON/H
  120  132  144  157  170  183  197  210  221  229  232  229  220  204  183  158
  131  105   82   62   49   40   36   36   38   43   49   55   62   68   74   80
   86   90   93   95   95   95   94   92   89   87   85   84   83   81   80   78
   76   73   70   67   64   62   60   58   58   57   56   56   55   54   53   53
   54   57   61   68   76   86   96  108  120
    70.0-180.0 180.0   5.0 450.0                            LAT/LON1/LON2/DLON/H
  145  159  172  185  198  211  225  239  251  260  263  259  247  227  199  167
  133  101   74   53   39   31   30   32   37   42   49   55   61   66   72   77
   82   86   89   90   90   89   87   84   81   79   77   76   76   76   75   73
   71   67   63   58   54   51   49   48   48   48   48   49   48   48   48   50
   52   57   65   75   87  101  116  131  145
    67.5-180.0 180.0   5.0 450.0                            LAT/LON1/LON2/DLON/H
  171  187  200  213  224  237  250  264  277  287  292  288  275  251  219  182
  143  107   77   56   43   37   37   41   46   50   54   57   60   63   66   70
   73   76   78   78   78   76   73   71   68   66   66   66   66   67   68   67
   64   60   55   49   44   40   38   38   39   40   41   42   43   43   44   46
   51   58   68   82   98  116  136  154  171
    65.0-180.0 180.0   5.0 450.0                            LAT/LON1/LON2/DLON/H
  192  209  223  234  244  255  267  281  295  306  313  311  299  275  242  202
  161  124   94   73   62   58   58   61   62   63   61   59   57   56   56   57
   59   60   61   61   60   58   56   53   52   51   51   53   55   58   59   59
   57   53   47   41   35   31   29   30   32   34   37   38   39   40   41   44
   49   58   71   87  107  128  151  173  192
    62.5-180.0 180.0   5.0 450.0                            LAT/LON1/LON2/DLON/H
  204  221  235  246  256  265  275  288  302  315  324  325  316  295  264  226
  187  151  123  104   93   89   88   86   82   75   66   58   51   46   43   42
   43   43   42   42   40   39   37   36   36   36   38   41   45   48   51   52
   51   46   40   34   28   25   24   26   29   32   35   37   38   39   40   43
   50   59   73   90  111  135  159  182  204
    60.0-180.0 180.0   5.0 450.0                            LAT/LON1/LON2/DLON/H
  205  224  239  250  259  267  276  286  299  313  324  329  324  309  284  251
  217  185  160  143  132  126  119  110   98   83   67   53   43   36   32   30
   29   28   27   26   25   24   23   24   25   27   30   33   37   42   45   47
   46   42   36   30   25   23   23   26   30   34   36   38   38   39   41   45
   52   62   76   93  114  137  161  184  205
    57.5-180.0 180.0   5.0 450.0                            LAT/LON1/LON2/DLON/H
  201  220  237  250  260  267  274  282  292  304  315  323  323  315  297  273
  245  220  199  183  170  159  146  128  108   85   65   48   37   30   27   26
   25   23   21   19   17   17   19   21   24   27   29   32   36   40   43   45
   44   41   36   30   27   26   28   32   36   39   41   41   41   42   45   50
   59   69   82   98  117  137  159  180  201
    55.0-180.0 180.0   5.0 450.0                            LAT/LON1/LON2/DLON/H
  197  216  235  251  264  272  278  282  287  294  303  311  315  313  303  288
  269  250  232  216  201  184  163  138  110   84   62   46   38   34   34   34
   33   30   26   23   21   22   24   28   32   35   38   39   41   44   46   47
   47   44   39   35   33   34   37   41   45   47   47   45   45   46   51   59
   69   80   94  108  123  140  158  177  197
    52.5-180.0 180.0   5.0 450.0                            LAT/LON1/LON2/DLON/H
  197  217  239  259  276  286  290  290  289  289  293  298  303  305  302  295
  284  270  255  239  219  196  169  139  109   83   63   52   49   50   52   53
   51   47   41   37   34   35   38   43   48   52   53   53   53   54   55   55
   54   51   48   44   44   46   49   54   56   56   53   50   49   51   58   69
   82   95  109  123  136  150  164  180  197
    50.0-180.0 180.0   5.0 450.0                            LAT/LON1/LON2/DLON/H
  207  227  251  276  297  309  313  308  300  293  289  290  292  295  296  294
  289  280  266  248  225  198  168  137  109   87   73   69   71   75   79   78
   75   68   61   56   53   54   57   63   68   71   72   71   69   68   68   67
   66   63   59   57   57   59   63   66   67   65   60   55   53   56   66   80
   96  112  127  141  154  166  177  191  207
    47.5-180.0 180.0   5.0 450.0                            LAT/LON1/LON2/DLON/H
  225  245  271  299  323  337  340  331  317  303  293  288  287  287  289  289
  287  279  266  246  222  194  166  139  116  100   93   94   99  104  105  102
   95   87   79   74   72   72   76   80   85   89   90   88   86   84   83   82
   80   76   73   70   70   72   75   77   76   71   65   58   56   61   73   90
  109  128  146  161  175  187  198  210  225
    45.0-180.0 180.0   5.0 450.0                            LAT/LON1/LON2/DLON/H
  248  268  293  322  347  361  363  352  335  317  303  293  288  285  284  284
  282  274  260  240  216  191  168  148  132  123  121  123  127  127  123  115
  105   96   89   86   85   86   89   93   97  101  102  102  101   99   99   97
   95   90   86   83   82   83   84   84   81   76   68   62   60   66   80   99
  121  142  161  179  195  210  222  234  248
    42.5-180.0 180.0   5.0 450.0                            LAT/LON1/LON2/DLON/H
  271  289  312  338  360  372  372  360  343  326  313  303  295  288  284  282
  279  271  256  236  214  195  179  167  158  152  150  148  146  139  128  114
  102   93   89   89   91   94   96   99  102  106  109  110  111  111  111  110
  107  102   96   93   91   91   90   88   84   78   71   65   65   72   87  108
  130  151  172  192  212  230  245  258  271
    40.0-180.0 180.0   5.0 450.0                            LAT/LON1/LON2/DLON/H
  289  304  322  341  357  365  361  349  335  324  317  312  305  297  290  286
  281  273  259  240  222  209  201  194  187  180  172  163  151  136  119  102
   89   83   84   88   94   98   99  101  103  107  111  114  116  118  120  120
  116  110  104   99   97   95   93   89   84   79   73   70   71   80   96  116
  138  158  179  200  222  244  262  277  289
    37.5-180.0 180.0   5.0 450.0                            LAT/LON1/LON2/DLON/H
  301  311  322  333  340  339  331  320  311  309  313  316  314  307  300  295
  292  284  271  254  240  232  228  223  213  199  182  164  145  124  105   89
   79   76   80   88   97  102  104  103  104  107  111  115  118  122  124  125
  121  114  107  103  100   97   93   88   83   79   76   75   78   88  105  126
  146  165  183  204  228  252  273  289  301
    35.0-180.0 180.0   5.0 450.0                            LAT/LON1/LON2/DLON/H
  307  314  318  319  315  305  292  280  277  284  300  314  320  317  311  309
  308  303  292  277  265  258  254  245  228  204  179  154  133  114  100   90
   86   86   91   99  107  113  113  111  110  111  114  117  120  123  126  126
  122  115  108  104  102   98   93   87   83   81   80   81   86   98  117  138
  157  173  189  208  231  256  279  296  307
    32.5-180.0 180.0   5.0 450.0                            LAT/LON1/LON2/DLON/H
  315  320  319  310  296  278  260  247  246  260  285  308  321  323  321  322
  326  325  317  302  289  280  271  255  228  196  165  142  128  121  120  122
  123  123  122  124  129  132  132  128  124  123  123  123  123  124  126  126
  122  115  108  105  103  100   94   88   84   84   85   88   94  109  130  152
  171  185  198  214  236  260  284  303  315
    30.0-180.0 180.0   5.0 450.0                            LAT/LON1/LON2/DLON/H
  332  339  335  321  300  276  254  239  237  251  278  305  322  327  328  332
  341  345  338  323  307  292  276  250  215  179  153  142  145  159  177  193
  198  191  178  166  161  160  158  153  148  144  140  135  130  128  128  127
  123  116  109  107  106  104   97   91   88   89   91   94  102  119  143  169
  188  201  212  226  246  270  295  316  332
    27.5-180.0 180.0   5.0 450.0                            LAT/LON1/LON2/DLON/H
  364  376  375  360  338  314  291  273  265  272  292  314  328  332  332  338
  349  356  350  332  311  291  267  235  198  168  155  166  195  234  274  301
  305  285  251  219  200  192  188  183  176  170  163  153  142  135  133  132
  128  120  113  111  111  108  102   96   94   96   98  101  110  129  157  186
  208  222  232  246  266  290  317  343  364
    25.0-180.0 180.0   5.0 450.0                            LAT/LON1/LON2/DLON/H
  415  436  441  431  414  395  377  358  341  333  336  344  348  344  339  341
  351  357  349  329  303  278  251  219  189  173  184  222  278  342  398  432
  430  390  329  272  236  220  214  210  204  197  188  174  159  148  143  142
  137  128  120  117  116  114  108  103  102  104  105  107  116  138  170  203
  227  243  256  273  294  321  352  385  415
    22.5-180.0 180.0   5.0 450.0                            LAT/LON1/LON2/DLON/H
  483  515  530  528  520  513  504  487  461  433  413  400  387  369  353  347
  349  350  339  315  287  262  238  215  200  208  246  310  388  466  530  562
  546  483  394  312  259  237  230  228  224  219  210  194  176  163  158  155
  150  139  129  123  122  119  114  110  110  112  112  113  123  147  182  218
  245  264  282  303  330  362  399  441  483
    20.0-180.0 180.0   5.0 450.0                            LAT/LON1/LON2/DLON/H
  560  604  628  636  641  649  654  644  610  563  517  480  447  414  382  361
  351  343  326  300  274  254  240  233  241  275  337  419  504  582  640  661
  629  545  432  330  266  239  233  233  233  231  225  211  192  179  173  171
  164  152  138  130  126  122  118  116  117  119  118  119  130  156  194  231
  260  282  306  335  370  409  454  506  560
    17.5-180.0 180.0   5.0 450.0                            LAT/LON1/LON2/DLON/H
  635  688  721  736  751  776  799  800  764  702  635  577  527  477  428  389
  364  344  321  295  274  264  267  282  314  370  446  529  605  664  702  705
  659  560  435  324  255  227  223  226  229  232  230  220  204  192  188  186
  178  163  147  135  129  124  121  121  123  125  124  124  137  166  204  241
  271  297  327  365  409  456  509  571  635
    15.0-180.0 180.0   5.0 450.0                            LAT/LON1/LON2/DLON/H
  697  756  791  809  831  868  909  924  894  826  746  676  616  555  493  436
  394  362  334  310  296  300  322  358  410  478  554  621  666  692  700  684
  628  527  404  297  233  210  208  212  217  223  226  220  209  200  198  197
  189  172  153  140  131  126  123  124  128  129  128  130  145  176  215  250
  279  308  345  391  443  497  557  626  697
    12.5-180.0 180.0   5.0 450.0                            LAT/LON1/LON2/DLON/H
  737  796  828  843  864  909  964  994  975  910  831  760  701  639  570  501
  444  402  371  350  346  363  401  454  516  582  640  673  676  659  635  604
  548  460  354  265  214  198  198  200  203  210  216  215  208  203  203  202
  194  177  158  144  135  129  127  129  132  133  131  135  154  187  225  258
  285  316  359  413  471  529  592  664  737
    10.0-180.0 180.0   5.0 450.0                            LAT/LON1/LON2/DLON/H
  752  806  831  835  849  892  955  999  994  942  873  815  768  717  650  576
  511  463  431  415  419  446  494  553  612  662  688  678  633  575  525  487
  443  380  304  242  211  203  203  200  197  200  205  205  202  199  201  202
  195  179  163  150  142  137  135  136  137  135  133  140  162  198  236  266
  292  325  372  430  490  548  610  681  752
     7.5-180.0 180.0   5.0 450.0                            LAT/LON1/LON2/DLON/H
  743  790  804  795  795  830  892  945  954  919  870  832  808  777  723  653
  588  539  509  497  506  537  586  640  684  706  693  637  551  463  400  367
  345  315  276  245  233  232  229  217  204  199  198  197  194  193  197  198
  193  181  169  161  155  150  147  146  144  139  135  144  171  209  246  275
  301  336  386  444  502  556  613  678  743
     5.0-180.0 180.0   5.0 450.0                            LAT/LON1/LON2/DLON/H
  718  756  760  739  724  744  797  852  872  854  826  814  817  811  778  721
  663  619  593  584  593  621  661  700  721  709  658  567  455  356  296  279
  284  287  283  280  283  286  275  252  227  210  200  193  188  188  192  195
  192  186  180  177  173  169  164  159  152  143  138  150  180  221  258  285
  312  349  399  456  507  554  602  660  718
     2.5-180.0 180.0   5.0 450.0                            LAT/LON1/LON2/DLON/H
  684  717  716  687  658  662  702  750  775  770  759  769  798  819  810  771
  725  689  669  661  666  684  710  728  722  680  599  489  374  284  242  248
  279  308  329  344  356  356  337  302  264  234  212  197  188  187  191  195
  195  194  195  197  196  190  183  173  161  148  143  157  191  233  270  299
  327  365  414  464  508  545  585  634  684
