TEC/CODG3400.11I
     1.0            IONOSPHERE MAPS     GNSS                IONEX VERSION / TYPE
ADDNEQ2 V5.1        AIUB                10-DEC-11 20:18     PGM / RUN BY / DATE 
CODE'S GLOBAL IONOSPHERE MAPS FOR DAY 340, 2011             COMMENT             
Global ionosphere maps (GIM) are generated on a daily basis DESCRIPTION         
at CODE using data from about 150 GPS sites of the IGS and  DESCRIPTION         
other institutions. The vertical total electron content     DESCRIPTION         
(VTEC) is modeled in a solar-geomagnetic reference frame    DESCRIPTION         
using a spherical harmonics expansion up to degree and      DESCRIPTION         
order 15. Piece-wise linear functions are used for          DESCRIPTION         
representation in the time domain. The time spacing of      DESCRIPTION         
their vertices is 2 hours, conforming with the epochs of    DESCRIPTION         
the VTEC maps. Instrumental biases, so-called differential  DESCRIPTION         
P1-P2 code biases (DCB), for all GPS satellites and ground  DESCRIPTION         
stations are estimated as constant values for each day,     DESCRIPTION         
simultaneously with the 13 times 256, or 3328 parameters    DESCRIPTION         
used to represent the global VTEC distribution. The DCB     DESCRIPTION         
datum is defined by a zero-mean condition imposed on the    DESCRIPTION         
satellite bias estimates. P1-C1 bias corrections are taken  DESCRIPTION         
into account if needed. To convert line-of-sight TEC into   DESCRIPTION         
vertical TEC, a modified single-layer model mapping         DESCRIPTION         
function approximating the JPL extended slab model mapping  DESCRIPTION         
function is adopted. The mapping function is evaluated at   DESCRIPTION         
geodetic satellite elevation angles. For the computation of DESCRIPTION         
the ionospheric pierce points, a spherical layer with a     DESCRIPTION         
radius of 6821 km is assumed, implying geocentric, not      DESCRIPTION         
geodetic IONEX latitudes.                                   DESCRIPTION         
Note: These GIM results correspond to the results for the   DESCRIPTION         
middle day of a 3-day combination analysis solving for 37   DESCRIPTION         
times 256, or 9472 VTEC parameters and one common set of    DESCRIPTION         
satellite and 24-hour receiver DCB constants.               DESCRIPTION         
Contact address: stefan.schaer or code @aiub.unibe.ch       DESCRIPTION         
Web site:        http://www.aiub.unibe.ch/ionosphere/       DESCRIPTION         
Data archive:    ftp://ftp.unibe.ch/aiub/CODE/              DESCRIPTION         
                 http://www.aiub.unibe.ch/download/CODE/    DESCRIPTION         
  2011    12     6     0     0     0                        EPOCH OF FIRST MAP  
  2011    12     7     0     0     0                        EPOCH OF LAST MAP   
  7200                                                      INTERVAL            
    13                                                      # OF MAPS IN FILE   
  NONE                                                      MAPPING FUNCTION    
    10.0                                                    ELEVATION CUTOFF    
One-way carrier phase leveled to code                       OBSERVABLES USED    
[...]
ctwn daej darw dav1 dgar dgav dhlg drao dubo ebre eprt etad COMMENT             
etdd fair faiv fale flin flrs frdn func ganp glsv gold gope COMMENT             
gras graz guam guat guug harb hers hert hnpt hob2 hofn holb COMMENT             
holm hrao iddr ieng iisc ineg invk iqal irkj irkt isba ispa COMMENT             
joz2 joze jplv karr kely kerg khaj khar kir0 kiru kokb kokv COMMENT             
kouc kour lama lck2 lcki lhaz lmmf lpal lpgs m0se mac1 madr COMMENT             
mag0 mal2 mana mas1 mat1 mate maui maw1 mccj mcil mdo1 mdvj COMMENT             
medi mets metz mizu mkea mnls mobj mobk mobs monp morp mqzg COMMENT             
mtka nano nico nist nklg nlib not1 novm nrc1 nril nrmd ntus COMMENT             
nurk nya1 ohi2 ohi3 onsa opmt pado palv park pbr2 pbri pdel COMMENT             
penc pert pfa2 pie1 pimo pol2 pots prds ptag ptbb qaq1 quin COMMENT             
rabt ramo rbay reso reun reyk rio2 rosa roth salu savo sch2 COMMENT             
scor sele sfer shao smst sofi spt0 sthl stjo suth sutv suwn COMMENT             
sydn syog tabv tah1 tah2 thti thu2 thu3 tid1 tidb tixg tixi COMMENT             
tlse tn22 tow2 tro1 tsea tskb twtf txes uclu ufpr ulab unb3 COMMENT             
unbj unbn unbt unsa urum urus usn3 usno usud vaco vald vesl COMMENT             
vill vtsp wab1 wab2 wes2 wgtn whit will wind wsrt wtza wtzr COMMENT             
wtzs wtzz wuhn xmis yakt yar2 yar3 yarr ycba yell yssk zeck COMMENT             
zim2 zimm zwe2                                              COMMENT             
                                                            END OF HEADER       
[from data line 2574]
     7                                                      START OF TEC MAP    
  2011    12     6    12     0     0                        EPOCH OF CURRENT MAP
    87.5-180.0 180.0   5.0 450.0                            LAT/LON1/LON2/DLON/H
   29   30   31   32   32   33   34   35   35   36   36   36   37   37   37   37
   36   36   36   35   35   34   34   33   32   32   31   30   30   29   28   27
   27   26   25   25   24   23   23   22   22   21   21   20   20   20   20   19
   19   19   19   19   19   19   19   19   20   20   20   21   21   21   22   22
   23   24   24   25   26   27   27   28   29
    85.0-180.0 180.0   5.0 450.0                            LAT/LON1/LON2/DLON/H
   28   30   32   34   35   37   39   40   42   43   44   45   45   45   45   45
   45   44   43   42   41   39   38   37   35   34   33   31   30   29   28   27
   26   25   24   23   22   21   20   20   19   18   18   17   16   16   16   15
   15   15   15   15   15   15   15   15   15   16   16   16   16   17   17   18
   19   19   20   21   22   24   25   27   28
    82.5-180.0 180.0   5.0 450.0                            LAT/LON1/LON2/DLON/H
   25   27   30   32   35   38   41   43   46   48   49   51   51   52   52   51
   50   49   47   46   44   41   39   37   35   33   32   31   30   29   28   28
   27   27   26   25   25   24   23   22   21   20   19   19   18   18   17   17
   17   17   17   17   17   17   17   17   17   17   17   16   16   16   16   16
   16   16   16   17   18   19   21   23   25
    80.0-180.0 180.0   5.0 450.0                            LAT/LON1/LON2/DLON/H
   20   22   26   29   33   36   40   44   47   49   52   54   55   56   56   55
   54   52   50   47   44   41   38   36   33   32   30   30   30   30   31   32
   32   33   33   33   33   32   31   30   29   28   27   26   26   25   25   26
   26   26   26   27   27   26   26   26   25   24   23   22   21   20   19   17
   16   15   14   14   14   15   16   17   20
    77.5-180.0 180.0   5.0 450.0                            LAT/LON1/LON2/DLON/H
   15   18   21   25   29   34   38   42   45   49   51   54   55   57   57   57
   56   54   52   49   45   41   38   34   32   30   30   30   32   34   37   40
   43   46   47   48   48   47   46   44   42   41   40   39   39   39   40   40
   41   41   42   42   41   41   40   39   37   36   34   32   30   28   26   23
   21   18   16   14   13   12   12   13   15
    75.0-180.0 180.0   5.0 450.0                            LAT/LON1/LON2/DLON/H
   13   16   19   23   27   32   36   40   43   46   49   52   54   56   57   58
   57   56   54   51   47   43   38   35   32   31   32   34   38   43   48   54
   59   64   67   68   68   67   65   62   60   58   57   56   56   57   58   59
   59   60   60   59   58   56   54   52   50   48   45   43   41   39   36   33
   29   25   22   18   15   13   12   12   13
    72.5-180.0 180.0   5.0 450.0                            LAT/LON1/LON2/DLON/H
   15   17   20   24   28   32   35   39   41   44   46   48   51   53   55   57
   59   59   57   55   51   47   42   38   36   35   37   41   47   55   64   72
   80   86   90   92   91   89   86   82   79   77   75   75   75   76   77   78
   78   78   77   75   72   69   65   62   58   55   53   51   49   47   45   42
   38   34   30   25   21   17   15   14   15
    70.0-180.0 180.0   5.0 450.0                            LAT/LON1/LON2/DLON/H
   20   21   24   27   31   34   37   39   41   42   43   44   47   50   53   56
   59   61   61   59   56   52   48   44   42   43   46   52   60   71   82   93
  103  111  115  116  115  112  107  102   98   95   94   93   93   94   94   94
   94   92   90   86   81   76   70   65   60   56   54   52   51   51   50   49
   46   42   38   33   29   25   22   20   20
    67.5-180.0 180.0   5.0 450.0                            LAT/LON1/LON2/DLON/H
   27   28   29   32   35   37   39   40   41   40   40   41   42   45   50   54
   58   62   63   62   60   57   54   51   51   52   57   65   76   89  102  116
  127  135  139  140  137  133  127  121  117  113  111  110  110  109  108  107
  104  101   96   90   83   75   67   60   54   49   47   46   47   48   50   50
   50   48   45   41   37   33   29   28   27
    65.0-180.0 180.0   5.0 450.0                            LAT/LON1/LON2/DLON/H
   34   34   35   36   38   40   42   42   41   40   38   38   39   41   45   51
   56   60   62   63   61   60   58   58   60   64   71   81   93  108  123  137
  149  157  161  161  157  151  145  139  134  131  128  127  125  122  119  114
  109  103   97   89   80   70   60   51   43   37   35   35   37   40   44   47
   49   49   48   46   43   40   37   35   34
    62.5-180.0 180.0   5.0 450.0                            LAT/LON1/LON2/DLON/H
   39   38   38   38   40   41   42   42   41   39   37   36   35   37   41   46
   51   55   58   58   58   59   60   63   68   75   85   97  111  126  142  157
  170  178  181  180  175  168  161  155  151  148  146  143  139  134  127  119
  111  103   95   86   76   65   54   42   33   26   23   23   26   30   35   40
   44   47   48   48   47   45   43   41   39
    60.0-180.0 180.0   5.0 450.0                            LAT/LON1/LON2/DLON/H
   43   41   39   38   38   38   39   40   40   39   37   35   34   34   37   41
   46   49   50   51   51   54   58   65   75   86   99  113  128  144  160  175
  188  195  198  196  191  184  177  172  169  167  165  161  155  146  136  124
  113  103   94   86   76   65   53   40   29   21   17   16   19   23   29   34
   40   44   47   49   50   49   48   46   43
    57.5-180.0 180.0   5.0 450.0                            LAT/LON1/LON2/DLON/H
   47   43   39   36   34   34   35   37   38   38   37   34   33   33   35   38
   41   42   42   41   42   47   55   66   81   96  111  127  143  159  176  191
  203  211  214  211  206  199  194  189  187  186  184  180  173  161  147  132
  119  108   99   92   83   73   61   47   35   26   21   19   21   25   29   34
   39   44   48   51   53   53   52   50   47
    55.0-180.0 180.0   5.0 450.0                            LAT/LON1/LON2/DLON/H
   51   46   40   35   31   29   30   33   35   37   37   35   33   33   34   36
   38   37   35   34   34   40   51   67   86  105  123  140  156  172  189  204
  217  225  227  225  220  214  210  207  206  206  205  201  192  179  163  145
  130  119  111  105   98   89   77   63   50   40   35   33   34   36   38   41
   45   49   53   56   58   59   58   55   51
    52.5-180.0 180.0   5.0 450.0                            LAT/LON1/LON2/DLON/H
   59   53   45   38   31   28   27   30   33   36   37   36   35   35   36   38
   39   37   33   30   30   37   50   70   92  113  132  149  166  182  198  214
  227  235  239  237  233  228  224  222  222  223  223  220  212  198  181  163
  147  135  127  122  117  108   96   82   70   61   56   55   55   55   56   56
   58   60   63   65   67   67   66   63   59
    50.0-180.0 180.0   5.0 450.0                            LAT/LON1/LON2/DLON/H
   68   63   56   47   38   31   29   30   33   37   39   39   38   38   40   42
   43   41   37   32   32   39   54   75   99  121  140  157  172  188  204  220
  234  243  247  247  244  241  237  236  236  237  237  235  229  217  201  183
  166  153  145  139  133  124  112   98   87   79   77   77   79   79   77   76
   75   75   77   77   77   76   75   72   68
    47.5-180.0 180.0   5.0 450.0                            LAT/LON1/LON2/DLON/H
   80   76   70   61   50   41   35   34   36   39   41   42   42   43   45   49
   51   49   45   41   40   47   63   85  108  130  147  162  176  191  207  223
  236  246  252  254  253  251  248  246  245  246  246  245  241  232  218  201
  183  169  158  150  142  132  118  105   95   91   91   95   98   98   97   94
   92   91   91   90   88   86   83   82   80
    45.0-180.0 180.0   5.0 450.0                            LAT/LON1/LON2/DLON/H
   89   89   86   78   67   55   46   42   42   44   46   46   47   48   52   57
   60   60   57   53   54   61   77   98  120  139  154  167  179  192  207  222
  235  246  254  258  260  260  259  256  253  251  250  250  248  242  230  213
  195  178  163  152  140  127  113  100   92   91   95  102  108  110  108  106
  104  103  102   99   96   92   89   89   89
    42.5-180.0 180.0   5.0 450.0                            LAT/LON1/LON2/DLON/H
   94   98   99   94   83   70   59   52   49   50   52   53   53   56   60   66
   70   72   70   69   71   80   95  115  135  151  163  172  182  193  206  219
  232  244  254  263  269  272  271  267  262  257  253  251  249  245  235  220
  200  180  161  145  129  114   98   86   80   82   90  100  108  111  110  108
  107  107  105  102   97   92   90   91   94
    40.0-180.0 180.0   5.0 450.0                            LAT/LON1/LON2/DLON/H
   92   99  104  103   95   83   70   61   57   57   59   60   62   64   69   74
   79   82   83   84   89  100  116  135  152  165  174  181  188  196  207  218
  231  244  258  272  283  289  290  285  276  267  258  253  250  245  237  222
  202  179  156  136  118  100   84   73   69   73   83   94  101  104  104  103
  102  103  102   98   92   87   84   86   92
    37.5-180.0 180.0   5.0 450.0                            LAT/LON1/LON2/DLON/H
   82   92  100  103   99   88   76   66   62   63   66   69   71   74   77   82
   86   89   92   97  106  120  137  156  171  182  188  193  197  204  212  222
  234  250  269  289  306  316  318  313  301  286  272  261  254  248  240  226
  206  183  158  136  116   99   84   74   71   76   85   94   98   99   97   95
   95   95   94   90   84   77   74   75   82
    35.0-180.0 180.0   5.0 450.0                            LAT/LON1/LON2/DLON/H
   68   77   87   94   93   85   75   67   64   67   73   78   81   83   86   88
   91   95   99  108  121  139  158  177  192  201  205  208  212  217  224  233
  246  266  291  318  341  355  359  353  339  320  299  281  268  260  252  241
  223  201  178  157  138  122  110  101   98  101  106  110  110  106  100   95
   93   91   88   83   76   68   63   63   68
    32.5-180.0 180.0   5.0 450.0                            LAT/LON1/LON2/DLON/H
   54   60   69   77   79   75   68   63   63   69   77   84   88   91   92   94
   95   98  104  116  134  155  178  197  211  219  224  227  231  236  243  253
  269  294  327  361  389  407  412  406  390  368  342  318  299  287  280  272
  260  243  224  206  191  178  168  160  156  155  155  152  145  134  123  113
  106   99   93   86   77   67   58   54   54
    30.0-180.0 180.0   5.0 450.0                            LAT/LON1/LON2/DLON/H
   48   47   53   59   63   61   57   55   59   68   78   87   92   95   96   96
   97  100  108  124  145  170  194  214  228  236  241  246  253  261  270  284
  305  336  376  417  449  467  472  467  452  428  400  371  348  334  329  327
  321  311  298  285  274  265  256  248  240  235  229  220  206  189  172  155
  141  128  115  104   92   79   65   54   48
    27.5-180.0 180.0   5.0 450.0                            LAT/LON1/LON2/DLON/H
   54   45   44   47   50   49   47   48   54   65   77   86   91   94   96   97
   97  101  112  131  155  182  207  227  240  249  256  264  275  289  304  323
  350  389  435  480  513  530  534  529  517  496  468  438  413  400  398  403
  406  404  397  389  381  373  364  352  341  330  319  306  288  267  244  221
  199  177  158  141  125  107   88   69   54
    25.0-180.0 180.0   5.0 450.0                            LAT/LON1/LON2/DLON/H
   75   58   50   47   47   45   43   45   52   63   74   81   85   88   91   94
   97  103  116  138  165  193  217  235  248  257  266  279  297  319  342  368
  402  446  497  543  574  588  591  587  579  564  541  513  490  479  482  494
  505  509  507  502  494  485  472  455  438  423  410  396  378  357  332  304
  274  245  218  195  174  152  127  100   75
    22.5-180.0 180.0   5.0 450.0                            LAT/LON1/LON2/DLON/H
  110   86   70   62   57   52   48   48   54   63   71   75   76   78   83   88
   95  104  121  145  174  201  223  240  252  261  274  293  319  350  382  415
  454  502  554  598  625  634  635  633  631  625  610  589  571  564  572  589
  605  614  613  606  596  581  561  536  513  495  483  472  459  442  418  389
  355  319  286  258  233  207  177  143  110
    20.0-180.0 180.0   5.0 450.0                            LAT/LON1/LON2/DLON/H
  155  125  104   90   79   70   63   60   63   68   70   69   67   68   74   82
   93  107  127  154  183  208  228  242  253  265  281  306  341  381  421  460
  502  549  597  637  658  663  662  664  670  674  669  657  645  643  655  675
  693  701  697  685  668  645  615  581  551  531  522  519  514  504  486  459
  424  385  349  319  292  263  229  191  155
    17.5-180.0 180.0   5.0 450.0                            LAT/LON1/LON2/DLON/H
  199  168  145  127  111   96   85   79   78   78   75   68   61   60   67   78
   92  110  134  164  193  216  233  245  256  270  291  323  365  413  458  499
  539  581  623  656  672  674  674  680  694  708  714  711  706  707  720  739
  755  758  748  729  703  670  629  586  549  527  522  527  532  532  521  499
  467  430  394  365  339  310  275  236  199
    15.0-180.0 180.0   5.0 450.0                            LAT/LON1/LON2/DLON/H
  235  207  184  163  144  126  111  102   97   92   84   72   62   59   65   78
   94  116  143  175  204  225  240  251  265  283  308  345  393  444  491  529
  562  596  630  655  667  669  672  685  707  729  744  748  747  749  760  775
  785  781  762  735  701  659  609  556  512  489  488  499  512  519  516  501
  475  443  413  388  364  337  304  268  235
    12.5-180.0 180.0   5.0 450.0                            LAT/LON1/LON2/DLON/H
  255  233  213  192  172  152  136  125  117  108   97   82   70   66   71   83
  101  124  155  188  217  237  251  264  281  304  335  375  424  475  518  549
  573  595  619  639  650  656  665  685  713  742  761  769  768  768  774  782
  784  772  746  713  673  626  569  509  460  434  433  446  462  472  475  466
  448  424  402  383  364  342  313  282  255
    10.0-180.0 180.0   5.0 450.0                            LAT/LON1/LON2/DLON/H
  258  242  226  208  188  169  154  143  133  124  111   97   86   81   84   94
  110  135  168  203  233  253  267  283  306  335  369  411  458  503  539  559
  571  582  598  614  628  641  659  686  719  750  770  776  773  767  765  765
  760  742  713  677  637  588  529  465  413  383  378  387  398  407  409  405
  394  380  366  354  342  324  301  277  258
     7.5-180.0 180.0   5.0 450.0                            LAT/LON1/LON2/DLON/H
  245  236  224  208  191  175  163  153  144  134  124  113  104  100  101  108
  123  148  183  221  251  272  288  309  337  372  409  449  490  527  551  561
  561  563  573  589  609  632  661  695  729  757  773  774  765  752  742  735
  725  706  677  645  609  565  508  445  390  355  343  341  342  341  340  337
  331  324  318  313  305  292  274  257  245
     5.0-180.0 180.0   5.0 450.0                            LAT/LON1/LON2/DLON/H
  224  219  210  196  182  171  163  155  147  139  133  127  122  119  118  122
  135  161  198  238  271  293  312  337  371  410  448  483  516  543  556  556
  549  545  553  572  600  635  673  711  744  767  775  769  751  730  714  703
  693  677  654  629  602  566  516  456  401  362  339  324  309  295  285  280
  277  275  273  272  268  257  243  231  224
     2.5-180.0 180.0   5.0 450.0                            LAT/LON1/LON2/DLON/H
  205  200  191  178  167  160  156  151  144  138  135  135  136  134  131  132
  144  172  212  255  289  313  335  364  402  443  479  509  532  548  553  547
  537  534  544  568  605  649  695  735  764  778  777  762  737  710  690  679
  672  663  650  635  619  593  552  499  446  403  371  341  309  280  260  251
  248  247  247  247  242  232  219  209  205
