TEC/CODG1400.04I
     1.0            IONOSPHERE MAPS     GNSS                IONEX VERSION / TYPE
ADDNEQ2 V5.1        AIUB                23-MAY-04 23:37     PGM / RUN BY / DATE 
CODE'S GLOBAL IONOSPHERE MAPS FOR DAY 140, 2004             COMMENT             
Global ionosphere maps (GIM) are generated on a daily basis DESCRIPTION         
at CODE using data from about 150 GPS sites of the IGS and  DESCRIPTION         
other institutions. The vertical total electron content     DESCRIPTION         
(VTEC) is modeled in a solar-geomagnetic reference frame    DESCRIPTION         
using a spherical harmonics expansion up to degree and      DESCRIPTION         
order 15. Piece-wise linear functions are used for          DESCRIPTION         
representation in the time domain. The time spacing of      DESCRIPTION         
their vertices is 2 hours, conforming with the epochs of    DESCRIPTION         
the VTEC maps. Instrumental biases, so-called differential  DESCRIPTION         
P1-P2 code biases (DCB), for all GPS satellites and ground  DESCRIPTION         
stations are estimated as constant values for each day,     DESCRIPTION         
simultaneously with the 13 times 256, or 3328 parameters    DESCRIPTION         
used to represent the global VTEC distribution. The DCB     DESCRIPTION         
datum is defined by a zero-mean condition imposed on the    DESCRIPTION         
satellite bias estimates. P1-C1 bias corrections are taken  DESCRIPTION         
into account if needed. To convert line-of-sight TEC into   DESCRIPTION         
vertical TEC, a modified single-layer model mapping         DESCRIPTION         
function approximating the JPL extended slab model mapping  DESCRIPTION         
function is adopted. The mapping function is evaluated at   DESCRIPTION         
geodetic satellite elevation angles. For the computation of DESCRIPTION         
the ionospheric pierce points, a spherical layer with a     DESCRIPTION         
radius of 6821 km is assumed, implying geocentric, not      DESCRIPTION         
geodetic IONEX latitudes.                                   DESCRIPTION         
Note: These GIM results correspond to the results for the   DESCRIPTION         
middle day of a 3-day combination analysis solving for 37   DESCRIPTION         
times 256, or 9472 VTEC parameters and one common set of    DESCRIPTION         
satellite and 24-hour receiver DCB constants.               DESCRIPTION         
Contact address: stefan.schaer or igsauto @aiub.unibe.ch    DESCRIPTION         
Web site:        http://www.aiub.unibe.ch/ionosphere/       DESCRIPTION         
Data archive:    ftp://ftp.unibe.ch/aiub/CODE/              DESCRIPTION         
                 http://www.aiub.unibe.ch/download/CODE/    DESCRIPTION         
  2004     5    19     0     0     0                        EPOCH OF FIRST MAP  
  2004     5    20     0     0     0                        EPOCH OF LAST MAP   
  7200                                                      INTERVAL            
    13                                                      # OF MAPS IN FILE   
  NONE                                                      MAPPING FUNCTION    
    10.0                                                    ELEVATION CUTOFF    
One-way carrier phase leveled to code                       OBSERVABLES USED    
[...]
 622  642  583  640  657  602  510  482  514  531  581  631 COMMENT             
 645                                                        COMMENT             
List of stations:                                           COMMENT             
albh algo alic alrt amc2 amun artu asc1 aspa auck bahr bako COMMENT             
bili bjfs bogt bor1 braz brmu brst brus cagl cas1 cedu chat COMMENT             
chpi chur coco conz crar cro1 daej daka darr darw dav1 davr COMMENT             
drao dubo dwh1 ebre fair flin fort glsv gode godz gold gope COMMENT             
goug gras graz guam guat hers hert hob2 hofn holb holm hrao COMMENT             
ieng iisc invk irkj irkt ispa jab1 joz2 joze karr kerg kgn0 COMMENT             
kir0 kiru kit3 kodk kour kstu kunm lae1 lama lhas lhaz lpal COMMENT             
lpgs mac1 madr mag0 mali manz mas1 mat1 mate maui maw1 mbar COMMENT             
mcm4 mdo1 mdvj medi mets metz mkea monp morp mtka nano nlib COMMENT             
not1 noum novj npld nrc1 nril nssp ntus nya1 obe2 obet onsa COMMENT             
opmt pado pdel pert petp pie1 pimo pol2 pots prds ptbb qaq1 COMMENT             
quin rabt ramo reso reun reyk reyz riog sant sch2 scub sele COMMENT             
sey1 sfer spt0 stjo str2 suwn syog thti thu2 thu3 tidb tixi COMMENT             
tlse tow2 tro1 tskb twtf uclu unb1 unsa usn1 usno usud vesl COMMENT             
vill wes2 whit wsrt wtza wtzj wtzr wtzz wuhn yakt yar2 yarr COMMENT             
yell ykro yssk zimj zimm zimz zwen                          COMMENT             
                                                            END OF HEADER       
[from data line 4719]
    12                                                      START OF TEC MAP    
  2004     5    19    22     0     0                        EPOCH OF CURRENT MAP
    87.5-180.0 180.0   5.0 450.0                            LAT/LON1/LON2/DLON/H
  116  116  116  117  117  117  118  118  118  118  119  119  119  119  119  119
  119  118  118  118  117  117  116  115  114  114  113  112  111  110  109  108
  107  107  106  105  105  104  104  104  103  103  103  103  103  104  104  104
  104  105  105  106  106  107  107  108  108  109  109  110  110  111  111  112
  112  113  113  113  114  114  115  115  116
    85.0-180.0 180.0   5.0 450.0                            LAT/LON1/LON2/DLON/H
  121  122  122  123  123  124  124  125  126  126  127  128  128  129  129  130
  130  130  130  129  129  128  127  125  124  122  120  117  115  113  111  109
  107  105  103  102  101  100  100  100  100  100  100  101  102  102  103  104
  105  106  107  108  108  109  110  111  111  112  113  114  114  115  116  116
  117  117  118  119  119  120  120  121  121
    82.5-180.0 180.0   5.0 450.0                            LAT/LON1/LON2/DLON/H
  125  126  126  126  127  128  128  129  130  131  133  134  135  137  138  140
  141  142  142  142  142  141  140  138  135  132  129  125  121  118  114  110
  107  104  102  100   99   99   98   99  100  101  102  104  106  107  109  111
  112  113  114  115  116  117  117  118  118  119  119  120  120  121  122  122
  123  123  123  124  124  125  125  125  125
    80.0-180.0 180.0   5.0 450.0                            LAT/LON1/LON2/DLON/H
  128  128  128  128  128  129  129  130  131  133  135  137  139  141  144  146
  149  151  152  153  154  153  152  150  146  142  138  133  127  122  117  112
  107  104  101  100   99   99  100  102  104  107  110  113  116  118  121  123
  124  125  126  126  126  126  126  126  126  126  126  126  126  126  127  127
  127  127  128  128  128  128  128  128  128
    77.5-180.0 180.0   5.0 450.0                            LAT/LON1/LON2/DLON/H
  127  127  127  127  127  127  128  129  130  132  134  136  139  142  145  149
  152  156  158  161  162  162  161  159  155  150  144  138  131  124  118  112
  107  104  101  100  100  102  104  108  112  116  121  125  129  133  135  137
  138  138  138  137  136  135  133  132  131  131  130  130  130  129  129  129
  129  129  129  129  128  128  128  128  127
    75.0-180.0 180.0   5.0 450.0                            LAT/LON1/LON2/DLON/H
  125  125  125  125  125  125  126  127  128  129  131  134  137  140  144  148
  152  156  160  163  165  166  166  163  159  154  147  140  132  124  118  111
  107  103  101  101  103  106  110  115  121  127  133  138  143  146  149  150
  150  148  147  144  142  139  137  135  133  132  131  130  130  129  129  128
  128  127  127  126  126  126  125  125  125
    72.5-180.0 180.0   5.0 450.0                            LAT/LON1/LON2/DLON/H
  121  122  122  123  123  124  125  125  127  128  130  132  134  137  141  145
  149  153  158  162  164  166  165  163  158  152  145  138  130  122  116  110
  106  103  102  103  106  110  115  122  129  136  142  148  152  155  157  157
  155  152  149  145  141  137  134  132  130  129  129  128  127  127  126  125
  124  123  122  121  121  121  121  121  121
    70.0-180.0 180.0   5.0 450.0                            LAT/LON1/LON2/DLON/H
  118  119  121  122  123  124  125  126  127  129  130  132  134  136  138  142
  145  149  154  158  161  162  161  159  154  148  141  133  126  119  113  109
  106  104  104  105  108  113  119  126  133  140  147  152  155  157  157  156
  152  148  143  138  134  130  127  125  125  124  124  124  124  123  122  121
  119  118  116  116  115  115  116  117  118
    67.5-180.0 180.0   5.0 450.0                            LAT/LON1/LON2/DLON/H
  117  119  122  124  125  127  128  129  131  132  133  134  135  136  138  140
  143  146  150  153  156  157  157  154  149  142  135  129  122  117  113  110
  108  106  106  108  111  115  121  127  134  140  145  149  151  152  150  147
  142  137  131  126  121  118  117  117  118  119  121  122  122  121  120  118
  116  114  112  111  111  112  113  115  117
    65.0-180.0 180.0   5.0 450.0                            LAT/LON1/LON2/DLON/H
  120  123  126  129  132  134  135  135  136  136  137  137  138  139  139  141
  142  145  148  151  153  154  153  150  145  138  132  126  122  118  116  114
  112  111  110  110  112  116  120  125  131  136  139  141  141  140  137  132
  127  121  115  110  107  106  107  109  112  116  119  121  122  122  121  119
  116  114  112  112  112  113  114  117  120
    62.5-180.0 180.0   5.0 450.0                            LAT/LON1/LON2/DLON/H
  128  132  136  139  142  144  145  144  143  143  142  142  142  142  142  143
  144  145  148  151  153  154  153  149  144  138  133  128  126  124  123  122
  120  117  115  113  113  115  118  122  126  129  130  130  129  125  121  116
  110  104  100   96   95   96   99  105  111  116  121  125  127  127  126  124
  122  120  118  118  118  119  121  124  128
    60.0-180.0 180.0   5.0 450.0                            LAT/LON1/LON2/DLON/H
  141  145  150  154  157  159  159  157  153  150  148  146  146  146  146  146
  147  148  150  153  156  157  156  153  148  143  138  136  135  135  135  133
  130  126  121  117  114  114  116  118  121  122  122  120  116  112  107  101
   96   91   88   86   87   91   97  104  113  121  127  132  134  135  135  134
  133  132  131  130  131  132  134  137  141
    57.5-180.0 180.0   5.0 450.0                            LAT/LON1/LON2/DLON/H
  157  161  167  172  176  178  177  173  167  160  155  151  149  149  149  150
  150  152  154  157  160  162  162  159  156  152  149  148  149  150  150  147
  142  135  128  121  117  115  116  117  118  118  116  113  108  103   97   92
   87   84   82   82   85   91   99  109  119  128  135  140  144  146  147  148
  149  149  149  149  149  149  151  153  157
    55.0-180.0 180.0   5.0 450.0                            LAT/LON1/LON2/DLON/H
  175  179  185  192  197  200  199  194  185  174  164  158  154  152  152  153
  154  156  158  161  165  168  169  168  166  164  163  163  165  167  167  163
  156  146  136  127  122  119  119  120  120  119  116  111  105   99   94   89
   86   84   83   85   89   96  105  116  126  136  143  149  153  156  160  164
  167  169  170  170  170  170  170  172  175
    52.5-180.0 180.0   5.0 450.0                            LAT/LON1/LON2/DLON/H
  192  196  203  211  219  225  225  219  208  193  179  168  161  158  157  157
  158  159  162  166  170  174  176  177  177  177  178  180  183  184  183  178
  169  158  146  137  131  128  127  127  126  124  120  114  108  102   97   93
   91   90   90   92   97  104  113  123  134  143  150  155  160  165  171  178
  183  188  190  191  191  191  190  190  192
    50.0-180.0 180.0   5.0 450.0                            LAT/LON1/LON2/DLON/H
  208  211  218  228  239  249  253  248  236  219  201  185  174  167  164  162
  162  164  166  170  174  179  182  185  188  190  193  196  199  200  198  191
  181  170  159  150  144  142  140  139  137  133  129  123  117  111  106  103
  101  100  100  102  106  112  120  129  139  147  154  159  164  171  179  188
  196  203  207  209  209  209  208  207  208
    47.5-180.0 180.0   5.0 450.0                            LAT/LON1/LON2/DLON/H
  220  222  229  241  256  270  279  279  268  250  229  209  193  181  175  171
  169  170  172  175  179  184  188  193  198  202  207  211  213  213  209  203
  193  183  174  166  162  159  157  155  151  146  141  135  129  124  119  116
  113  112  112  112  114  118  124  132  140  148  154  160  165  173  182  193
  203  212  218  221  222  222  221  220  220
    45.0-180.0 180.0   5.0 450.0                            LAT/LON1/LON2/DLON/H
  230  232  238  250  268  287  302  307  301  285  262  239  218  202  191  184
  180  180  181  183  187  190  195  201  207  214  220  224  225  223  219  212
  204  197  190  185  182  180  177  173  167  161  155  149  144  139  134  130
  127  124  122  120  119  121  124  130  138  145  152  158  164  172  182  193
  204  213  220  225  229  231  231  231  230
    42.5-180.0 180.0   5.0 450.0                            LAT/LON1/LON2/DLON/H
  240  240  245  257  276  298  319  331  331  319  298  274  250  229  212  201
  195  193  194  196  198  201  205  211  218  226  232  236  235  232  226  220
  215  210  207  205  203  201  197  191  184  177  171  166  161  156  151  145
  140  135  131  126  122  120  121  126  133  141  150  157  163  170  179  189
  200  209  217  224  230  235  238  240  240
    40.0-180.0 180.0   5.0 450.0                            LAT/LON1/LON2/DLON/H
  250  250  253  263  281  305  330  348  355  349  333  310  285  260  239  224
  215  212  212  214  215  216  219  224  231  240  246  248  245  240  233  228
  225  223  223  222  222  220  215  208  200  193  188  183  179  174  168  161
  153  145  137  129  122  117  116  119  127  137  148  156  163  170  177  184
  193  201  210  219  228  237  244  248  250
    37.5-180.0 180.0   5.0 450.0                            LAT/LON1/LON2/DLON/H
  262  263  265  272  287  311  337  359  372  374  364  346  321  294  269  250
  239  235  235  237  237  237  238  241  248  255  261  261  256  248  241  236
  234  234  235  236  236  234  229  223  215  209  205  202  198  192  185  175
  165  154  143  132  121  113  110  113  121  134  147  159  167  172  176  181
  186  194  202  213  225  238  249  258  262
    35.0-180.0 180.0   5.0 450.0                            LAT/LON1/LON2/DLON/H
  276  280  281  286  298  318  343  367  385  393  391  379  358  330  303  280
  267  262  262  263  263  262  261  263  267  273  277  275  268  258  249  243
  242  242  242  242  243  242  238  233  228  224  222  220  216  210  200  189
  176  162  148  134  121  111  106  108  117  133  149  164  173  178  180  181
  184  190  199  211  225  241  256  268  276
    32.5-180.0 180.0   5.0 450.0                            LAT/LON1/LON2/DLON/H
  292  299  303  306  315  331  352  375  395  409  414  410  394  368  339  314
  298  292  291  292  292  290  287  286  288  291  293  289  279  267  256  249
  247  245  243  242  242  242  241  239  237  236  235  235  231  224  213  199
  184  169  153  137  122  111  104  105  115  133  153  170  182  187  188  187
  189  193  202  215  229  246  264  280  292
    30.0-180.0 180.0   5.0 450.0                            LAT/LON1/LON2/DLON/H
  307  320  327  331  338  350  368  388  407  424  437  440  431  409  379  352
  333  323  321  321  320  317  313  309  308  308  306  300  289  274  262  253
  248  244  239  235  235  236  238  239  240  241  243  243  240  231  219  205
  189  172  156  140  125  113  105  105  115  133  155  176  191  198  200  199
  200  205  213  225  239  255  272  291  307
    27.5-180.0 180.0   5.0 450.0                            LAT/LON1/LON2/DLON/H
  320  338  350  358  365  376  390  406  424  443  460  472  470  452  423  393
  370  357  352  349  347  343  338  331  325  320  316  308  295  278  264  254
  246  238  230  224  222  225  229  233  236  239  242  243  239  230  218  203
  188  172  156  141  128  116  108  107  115  133  156  180  199  210  214  216
  218  224  232  242  253  266  281  300  320
    25.0-180.0 180.0   5.0 450.0                            LAT/LON1/LON2/DLON/H
  329  351  368  381  391  403  416  430  446  465  486  505  510  497  470  438
  412  393  382  376  372  367  359  348  337  328  321  311  296  278  262  251
  241  230  219  211  208  211  216  220  224  227  231  232  227  219  207  194
  181  167  154  141  130  119  112  109  115  130  154  180  203  219  229  235
  240  247  256  264  271  279  290  307  329
    22.5-180.0 180.0   5.0 450.0                            LAT/LON1/LON2/DLON/H
  335  359  380  397  412  427  443  456  470  489  514  538  550  542  518  485
  455  431  414  402  394  387  377  362  346  332  320  308  292  273  257  244
  234  222  208  198  194  196  200  203  205  208  210  211  207  198  188  177
  167  157  147  138  130  122  115  110  113  125  147  175  202  225  241  252
  262  271  280  287  290  293  299  313  335
    20.0-180.0 180.0   5.0 450.0                            LAT/LON1/LON2/DLON/H
  338  361  383  403  423  443  462  478  492  511  538  567  585  583  562  531
  499  470  446  428  415  406  393  374  352  332  316  301  284  266  249  237
  226  214  200  189  184  184  185  184  183  183  184  184  179  172  163  156
  150  144  138  133  128  122  116  110  109  118  137  165  196  225  248  266
  280  292  302  308  309  307  309  319  338
    17.5-180.0 180.0   5.0 450.0                            LAT/LON1/LON2/DLON/H
  342  360  379  399  422  447  471  491  507  527  556  588  611  615  598  570
  539  507  478  454  437  424  408  385  356  330  310  293  275  257  241  230
  221  210  196  185  179  176  173  168  162  159  158  156  152  145  138  134
  131  130  128  126  124  120  115  108  104  108  124  152  186  221  250  273
  291  306  318  324  325  322  321  327  342
    15.0-180.0 180.0   5.0 450.0                            LAT/LON1/LON2/DLON/H
  349  361  374  390  412  439  468  491  509  530  561  595  622  631  621  599
  571  540  509  480  459  442  423  396  362  331  306  287  268  250  235  225
  218  209  197  186  179  174  167  157  147  141  137  134  129  122  117  115
  115  117  119  119  118  116  112  105   98   98  111  137  173  212  247  274
  295  312  326  335  338  337  336  340  349
    12.5-180.0 180.0   5.0 450.0                            LAT/LON1/LON2/DLON/H
  362  367  372  381  398  425  454  479  499  521  551  587  617  630  627  612
  591  565  534  504  479  460  439  408  371  334  306  284  265  247  233  224
  219  211  201  191  183  177  168  155  143  133  127  122  116  109  104  103
  105  109  112  113  112  110  106   99   92   89   98  122  159  201  239  269
  292  310  326  339  347  351  353  357  362
    10.0-180.0 180.0   5.0 450.0                            LAT/LON1/LON2/DLON/H
  380  379  377  378  388  410  437  461  480  501  530  564  594  611  614  609
  598  579  552  523  497  477  454  422  381  342  310  287  267  249  236  228
  222  216  206  198  191  185  176  163  150  139  131  124  116  107  101   99
  101  106  109  109  106  103   99   93   85   81   88  110  147  189  228  259
  283  302  320  337  351  362  371  377  380
     7.5-180.0 180.0   5.0 450.0                            LAT/LON1/LON2/DLON/H
  401  399  391  386  389  404  424  443  459  476  501  532  561  579  588  591
  590  581  560  534  510  489  466  434  393  352  318  293  273  256  242  234
  228  220  212  204  199  195  189  179  167  156  146  136  125  115  106  103
  104  107  108  106  101   95   91   86   79   75   80  101  136  178  217  248
  271  290  310  330  351  371  386  397  401
     5.0-180.0 180.0   5.0 450.0                            LAT/LON1/LON2/DLON/H
  420  420  414  406  404  411  424  436  445  456  475  500  524  541  553  563
  571  570  558  536  514  495  473  442  403  362  328  302  281  264  250  240
  232  224  214  208  205  205  203  199  191  180  168  155  141  128  117  111
  109  110  109  104   95   87   82   77   73   69   74   94  128  169  207  237
  258  277  297  321  347  373  395  412  420
     2.5-180.0 180.0   5.0 450.0                            LAT/LON1/LON2/DLON/H
  432  439  439  435  432  435  440  444  445  448  459  475  493  507  519  532
  545  551  545  529  509  492  472  445  408  369  335  309  288  271  256  245
  234  223  214  208  208  212  216  217  213  203  189  173  156  140  128  119
  115  113  109  100   88   77   71   68   65   64   69   89  122  162  199  227
  248  265  285  310  338  368  395  417  432
