TEC/CODG3230.12I
     1.0            IONOSPHERE MAPS     GNSS                IONEX VERSION / TYPE
ADDNEQ2 V5.3        AIUB                23-NOV-12 04:37     PGM / RUN BY / DATE 
CODE'S GLOBAL IONOSPHERE MAPS FOR DAY 323, 2012             COMMENT             
Global ionosphere maps (GIM) are generated on a daily basis DESCRIPTION         
at CODE using data from about 150 GPS sites of the IGS and  DESCRIPTION         
other institutions. The vertical total electron content     DESCRIPTION         
(VTEC) is modeled in a solar-geomagnetic reference frame    DESCRIPTION         
using a spherical harmonics expansion up to degree and      DESCRIPTION         
order 15. Piece-wise linear functions are used for          DESCRIPTION         
representation in the time domain. The time spacing of      DESCRIPTION         
their vertices is 2 hours, conforming with the epochs of    DESCRIPTION         
the VTEC maps. Instrumental biases, so-called differential  DESCRIPTION         
P1-P2 code biases (DCB), for all GPS satellites and ground  DESCRIPTION         
stations are estimated as constant values for each day,     DESCRIPTION         
simultaneously with the 13 times 256, or 3328 parameters    DESCRIPTION         
used to represent the global VTEC distribution. The DCB     DESCRIPTION         
datum is defined by a zero-mean condition imposed on the    DESCRIPTION         
satellite bias estimates. P1-C1 bias corrections are taken  DESCRIPTION         
into account if needed. To convert line-of-sight TEC into   DESCRIPTION         
vertical TEC, a modified single-layer model mapping         DESCRIPTION         
function approximating the JPL extended slab model mapping  DESCRIPTION         
function is adopted. The mapping function is evaluated at   DESCRIPTION         
geodetic satellite elevation angles. For the computation of DESCRIPTION         
the ionospheric pierce points, a spherical layer with a     DESCRIPTION         
radius of 6821 km is assumed, implying geocentric, not      DESCRIPTION         
geodetic IONEX latitudes.                                   DESCRIPTION         
Note: These GIM results correspond to the results for the   DESCRIPTION         
middle day of a 3-day combination analysis solving for 37   DESCRIPTION         
times 256, or 9472 VTEC parameters and one common set of    DESCRIPTION         
satellite and 24-hour receiver DCB constants.               DESCRIPTION         
Contact address: stefan.schaer or code @aiub.unibe.ch       DESCRIPTION         
Web page:        www.aiub.unibe.ch/content/ionosphere/      DESCRIPTION         
Data archive:    ftp.unibe.ch/aiub/CODE/                    DESCRIPTION         
                 www.aiub.unibe.ch/download/CODE/           DESCRIPTION         
  2012    11    18     0     0     0                        EPOCH OF FIRST MAP  
  2012    11    19     0     0     0                        EPOCH OF LAST MAP   
  7200                                                      INTERVAL            
    13                                                      # OF MAPS IN FILE   
  NONE                                                      MAPPING FUNCTION    
    10.0                                                    ELEVATION CUTOFF    
One-way carrier phase leveled to code                       OBSERVABLES USED    
[...]
fair faiv fale flin flrs frdn func ganp glps glsv gmsd gold COMMENT             
gope gras graz guam guat guug harb harv hers hert hnpt hob2 COMMENT             
hofn hofs holb holm hrao iddr ieng iisc ilha ineg invk iqui COMMENT             
irkj irkt isba joz2 joze karr kat1 kely kerg khar kir0 kiru COMMENT             
kit3 kokb kokv kosg kouc lama lck2 lcki lhaz lmmf lpal lpgs COMMENT             
m0se mac1 mag0 mal2 mana mas1 mat1 mate maui maw1 mbar mccj COMMENT             
mcm4 mdo1 mdvj medi mets mizu mkea mnls mobj mobk mobs monp COMMENT             
morp mqzg nano nico nist nklg nlib not1 novm nrc1 nril nrmd COMMENT             
ntus nurk nya1 ohi2 ohi3 onsa opmt pado palv park pbr2 pbri COMMENT             
pdel penc pert pfa2 pimo pol2 pots pove prds ptag ptbb qaq1 COMMENT             
quin rabt ramo rcmn recf reso reun reyk rio2 riop rosa roth COMMENT             
salu sant savo sch2 scor sele sey1 sfer shao smst sofi spt0 COMMENT             
ssia sthl stjo stk2 str2 suth sutv suwn sydn syog tabv tah1 COMMENT             
tah2 tash thti thu2 thu3 tid1 tidb tixg tixi tlse tn22 tow2 COMMENT             
tro1 tsea tskb twtf txes uclu ufpr ulab unb3 unbj unbn unbt COMMENT             
unsa untr urum urus usn3 usno usud vaco vald vesl vill vtsp COMMENT             
wab1 wab2 wes2 wgtn whit will wind wsrt wtza wtzr wtzs wtzz COMMENT             
wuhn xmis yakt yar2 yar3 yarr ycba yell yssk zamb zeck zim2 COMMENT             
zimm                                                        COMMENT             
                                                            END OF HEADER       
[from data line 2574]
     7                                                      START OF TEC MAP    
  2012    11    18    12     0     0                        EPOCH OF CURRENT MAP
    87.5-180.0 180.0   5.0 450.0                            LAT/LON1/LON2/DLON/H
   71   72   73   74   75   76   76   77   77   77   77   76   76   75   75   74
   73   72   71   70   69   67   66   65   64   63   62   60   59   58   57   56
   54   53   52   51   50   49   48   47   46   45   44   43   43   42   42   41
   41   41   41   41   42   42   43   44   45   46   47   49   50   52   54   55
   57   59   61   63   64   66   68   69   71
    85.0-180.0 180.0   5.0 450.0                            LAT/LON1/LON2/DLON/H
   80   83   85   87   88   89   90   90   90   90   89   88   86   85   83   81
   79   77   75   72   70   69   67   65   64   62   61   60   59   57   56   55
   54   53   51   50   48   46   45   43   41   39   37   35   34   32   31   30
   29   28   28   27   28   28   29   30   32   33   36   38   41   44   47   50
   53   57   60   64   68   71   74   77   80
    82.5-180.0 180.0   5.0 450.0                            LAT/LON1/LON2/DLON/H
   83   86   89   92   93   95   95   95   95   94   92   90   87   84   81   78
   75   72   69   67   64   62   61   60   59   59   59   59   59   59   60   60
   60   59   59   58   56   55   52   50   48   45   42   39   37   34   31   29
   27   25   24   23   22   22   22   23   24   26   28   30   33   37   40   44
   49   53   58   62   67   71   75   79   83
    80.0-180.0 180.0   5.0 450.0                            LAT/LON1/LON2/DLON/H
   78   82   85   88   90   91   92   91   90   88   86   83   79   76   72   68
   64   61   58   55   53   52   52   52   53   55   57   60   62   65   68   70
   72   74   75   75   74   73   71   68   65   62   59   55   52   48   45   41
   38   35   33   31   29   27   26   26   25   26   27   29   31   34   37   41
   45   49   53   57   62   66   70   74   78
    77.5-180.0 180.0   5.0 450.0                            LAT/LON1/LON2/DLON/H
   67   70   73   76   78   80   80   80   79   77   74   70   66   62   58   54
   50   47   45   43   43   43   44   46   49   53   58   63   69   75   80   85
   90   93   96   97   98   97   96   94   91   87   84   80   76   72   68   64
   60   56   52   49   45   42   39   37   35   33   33   33   34   35   37   40
   42   45   48   51   55   58   61   64   67
    75.0-180.0 180.0   5.0 450.0                            LAT/LON1/LON2/DLON/H
   53   55   58   61   63   65   66   66   65   63   60   56   52   48   45   42
   39   37   36   36   37   38   41   45   50   56   63   70   79   87   95  103
  109  115  119  122  123  123  122  120  118  115  111  108  104   99   95   91
   86   82   77   72   67   62   57   53   48   45   42   40   39   39   40   41
   43   44   45   46   47   48   49   51   53
    72.5-180.0 180.0   5.0 450.0                            LAT/LON1/LON2/DLON/H
   39   40   43   46   49   51   53   53   53   51   48   45   42   39   36   35
   34   34   35   36   38   41   45   49   55   63   71   80   90  100  110  119
  127  134  139  142  144  145  145  143  142  139  136  133  129  125  120  115
  110  105  100   94   88   81   74   67   61   55   50   46   44   43   43   44
   44   44   44   43   42   40   39   38   39
    70.0-180.0 180.0   5.0 450.0                            LAT/LON1/LON2/DLON/H
   28   29   31   34   38   42   44   45   45   43   41   39   36   35   34   35
   36   38   40   43   46   50   54   59   66   73   82   91  102  112  123  132
  141  147  152  156  158  159  160  159  159  157  155  152  148  143  138  132
  126  120  114  107  100   92   84   75   67   59   53   48   45   44   45   45
   46   46   45   42   39   35   32   30   28
    67.5-180.0 180.0   5.0 450.0                            LAT/LON1/LON2/DLON/H
   23   23   25   29   33   37   41   42   43   41   40   38   37   37   38   40
   43   47   50   54   58   62   67   72   78   85   93  102  112  122  132  142
  150  156  160  163  165  167  168  168  169  168  167  164  159  153  147  140
  132  125  118  111  103   94   84   74   64   55   48   43   41   41   42   44
   46   47   46   43   39   35   30   26   23
    65.0-180.0 180.0   5.0 450.0                            LAT/LON1/LON2/DLON/H
   24   23   24   28   32   37   40   43   43   43   41   40   40   42   45   48
   52   56   60   64   68   73   78   83   89   96  103  111  120  130  140  149
  156  162  165  167  169  170  171  173  174  174  173  170  165  158  149  140
  130  122  113  105   96   87   76   66   55   46   38   34   32   33   36   40
   44   46   47   45   42   37   31   27   24
    62.5-180.0 180.0   5.0 450.0                            LAT/LON1/LON2/DLON/H
   28   27   27   30   33   37   41   43   44   44   44   43   45   47   51   55
   59   63   66   70   74   79   85   91   98  104  111  119  127  137  147  156
  163  168  171  172  173  173  175  177  179  180  180  176  170  161  150  138
  126  115  106   96   87   77   66   55   44   35   28   24   23   25   29   34
   40   44   46   46   44   41   36   32   28
    60.0-180.0 180.0   5.0 450.0                            LAT/LON1/LON2/DLON/H
   36   33   32   33   34   37   40   42   43   44   44   45   47   51   55   59
   62   64   66   68   72   78   85   94  102  110  117  125  134  145  156  166
  175  180  182  182  182  181  182  185  187  189  189  186  179  168  155  141
  127  114  103   92   82   71   60   48   38   29   22   19   19   21   25   30
   36   41   45   47   47   46   43   39   36
    57.5-180.0 180.0   5.0 450.0                            LAT/LON1/LON2/DLON/H
   46   42   39   36   35   35   36   38   40   41   42   44   47   51   55   58
   60   59   59   60   64   71   81   93  104  114  123  132  142  155  169  182
  193  199  201  200  198  197  197  199  201  204  204  201  194  183  169  153
  137  123  110   97   85   73   61   50   40   32   26   24   23   25   28   31
   35   40   44   48   50   52   51   49   46
    55.0-180.0 180.0   5.0 450.0                            LAT/LON1/LON2/DLON/H
   58   53   47   41   35   32   32   33   35   37   39   42   46   50   53   55
   54   52   49   48   52   62   76   91  106  118  129  140  153  169  187  203
  216  223  225  223  220  218  217  218  220  222  223  221  216  205  192  176
  159  143  128  113   99   85   72   60   51   44   40   38   38   38   38   39
   40   42   46   50   54   58   60   60   58
    52.5-180.0 180.0   5.0 450.0                            LAT/LON1/LON2/DLON/H
   71   66   58   48   39   32   29   29   32   34   37   41   44   48   50   51
   49   44   39   38   43   55   71   91  109  124  137  150  166  185  206  226
  241  249  251  249  245  242  240  239  241  243  244  244  240  232  220  205
  188  171  153  136  119  103   88   76   67   62   60   60   59   59   56   53
   50   50   51   55   61   66   71   73   71
    50.0-180.0 180.0   5.0 450.0                            LAT/LON1/LON2/DLON/H
   85   80   71   60   48   38   33   32   33   36   39   41   44   47   49   49
   45   40   35   33   39   53   72   94  115  132  147  161  179  200  224  247
  263  272  274  272  268  264  261  260  260  261  263  264  262  257  247  234
  217  199  179  158  138  119  103   91   83   80   80   82   83   81   77   72
   66   62   61   64   70   76   82   86   85
    47.5-180.0 180.0   5.0 450.0                            LAT/LON1/LON2/DLON/H
   98   95   87   75   62   51   44   42   42   44   46   46   47   49   50   49
   46   41   36   36   43   58   79  103  125  143  158  173  191  213  238  261
  277  286  288  286  283  281  279  278  276  276  277  279  278  275  267  254
  238  218  196  172  148  127  110   98   92   90   93   97  100  100   97   90
   83   77   75   76   80   86   92   97   98
    45.0-180.0 180.0   5.0 450.0                            LAT/LON1/LON2/DLON/H
  108  107  102   93   81   70   62   58   58   58   57   55   54   53   53   53
   51   47   45   46   55   70   92  115  137  155  169  183  200  221  244  265
  280  288  290  291  292  294  294  293  291  289  288  288  287  282  274  262
  246  225  200  174  147  124  107   96   91   91   96  102  108  110  109  103
   97   91   89   89   91   95  100  105  108
    42.5-180.0 180.0   5.0 450.0                            LAT/LON1/LON2/DLON/H
  109  112  112  108  100   90   83   78   76   74   71   67   63   60   59   59
   58   57   57   62   71   87  107  130  150  167  181  192  206  223  242  260
  273  280  285  290  297  304  310  311  308  305  301  296  290  282  272  258
  240  219  193  164  137  114   97   87   83   84   89   97  104  110  111  110
  106  103  101  100  100  100  102  106  109
    40.0-180.0 180.0   5.0 450.0                            LAT/LON1/LON2/DLON/H
  101  107  113  115  112  106  100   95   92   89   85   79   73   69   67   66
   66   68   71   78   90  105  124  144  163  179  191  200  209  221  235  249
  260  268  277  289  304  320  332  336  335  329  320  309  296  281  265  248
  230  208  182  154  127  105   90   82   78   78   82   88   96  103  108  110
  110  109  109  107  104  101   98   98  101
    37.5-180.0 180.0   5.0 450.0                            LAT/LON1/LON2/DLON/H
   83   90  101  109  112  111  107  104  101   99   94   88   82   78   75   74
   75   77   83   94  107  122  139  157  175  190  201  207  211  217  226  238
  249  261  276  297  323  348  367  376  376  368  354  334  311  287  265  245
  227  206  182  155  130  111  100   93   89   86   85   87   92   98  104  108
  111  113  113  111  105   96   87   82   83
    35.0-180.0 180.0   5.0 450.0                            LAT/LON1/LON2/DLON/H
   57   63   76   89   98  101  100   99   99   99   97   94   90   86   84   82
   82   85   93  106  121  136  152  168  186  201  211  214  214  215  221  233
  248  267  292  324  359  393  418  432  433  424  405  377  344  310  281  260
  243  226  205  182  161  146  138  132  126  118  110  106  105  107  109  112
  114  116  117  113  104   89   73   61   57
    32.5-180.0 180.0   5.0 450.0                            LAT/LON1/LON2/DLON/H
   30   31   43   58   70   77   79   81   84   89   93   94   94   94   92   89
   88   91  100  116  133  149  164  179  196  212  222  223  220  219  225  241
  264  294  330  371  415  454  484  501  505  496  474  439  397  355  323  301
  288  276  261  243  226  216  210  204  195  181  165  152  143  136  132  128
  126  125  123  117  104   84   61   40   30
    30.0-180.0 180.0   5.0 450.0                            LAT/LON1/LON2/DLON/H
    8    2    9   23   35   43   47   53   61   72   82   90   96   99   99   96
   93   96  106  124  144  161  175  190  207  223  233  235  231  231  241  265
  299  342  389  438  486  527  558  576  583  576  553  515  468  422  389  372
  365  360  350  338  325  318  312  305  292  272  249  227  208  191  175  162
  152  144  136  126  110   86   56   28    8
    27.5-180.0 180.0   5.0 450.0                            LAT/LON1/LON2/DLON/H
    0    0    0    0    1    7   13   21   34   51   68   83   94  102  104  102
   99  101  112  133  155  174  189  202  218  234  245  248  246  251  269  305
  353  407  463  517  563  601  628  647  656  653  633  596  549  505  475  464
  465  467  464  455  445  438  432  421  403  379  350  321  293  265  238  213
  191  174  159  144  125   99   65   30    0
    25.0-180.0 180.0   5.0 450.0                            LAT/LON1/LON2/DLON/H
   13    0    0    0    0    0    0    0   11   32   54   73   89  101  107  106
  104  107  120  143  169  189  203  215  229  245  256  262  265  278  308  356
  417  482  542  594  634  663  683  700  712  715  701  670  629  591  569  566
  574  582  582  576  566  557  547  531  509  481  450  419  384  348  310  274
  242  214  191  172  151  125   90   50   13
    22.5-180.0 180.0   5.0 450.0                            LAT/LON1/LON2/DLON/H
   46   11    0    0    0    0    0    0    0   20   43   63   81   96  104  107
  107  113  130  156  184  205  219  228  239  253  266  275  287  310  352  413
  483  553  613  657  686  702  714  727  743  753  749  728  696  669  656  661
  674  684  686  678  666  652  635  612  585  557  529  498  463  422  378  335
  295  259  230  207  187  164  131   89   46
    20.0-180.0 180.0   5.0 450.0                            LAT/LON1/LON2/DLON/H
   96   55   25    3    0    0    0    0    0   16   36   54   71   86   98  104
  109  119  139  169  199  221  233  239  247  259  273  289  310  345  398  468
  543  611  664  696  710  713  716  727  746  764  771  762  743  727  724  734
  749  757  756  745  728  706  679  648  618  591  568  543  511  471  427  383
  341  302  270  245  227  209  181  142   96
    17.5-180.0 180.0   5.0 450.0                            LAT/LON1/LON2/DLON/H
  156  112   76   46   21    2    0    0    7   21   35   47   60   74   87   97
  107  123  148  181  213  234  244  247  251  262  279  302  334  380  442  515
  587  648  689  707  707  698  694  703  726  752  770  773  766  761  765  777
  788  791  784  767  743  712  675  635  601  576  560  544  519  485  447  409
  372  336  303  279  265  254  233  199  156
    15.0-180.0 180.0   5.0 450.0                            LAT/LON1/LON2/DLON/H
  213  171  133   98   66   40   25   22   27   34   38   43   51   62   75   88
  103  125  155  191  223  244  251  251  253  264  285  317  359  414  479  549
  613  661  688  692  680  664  656  667  693  726  752  765  769  772  779  788
  793  788  772  749  717  678  630  581  542  520  510  502  486  461  434  408
  383  354  326  304  294  290  278  251  213
    12.5-180.0 180.0   5.0 450.0                            LAT/LON1/LON2/DLON/H
  257  221  185  148  113   82   62   55   53   51   46   43   45   53   65   79
   98  125  160  198  230  249  255  253  254  267  294  334  386  445  509  571
  622  654  666  660  642  624  619  632  662  698  729  749  758  765  771  776
  772  759  735  705  668  621  564  507  463  441  436  434  425  409  395  385
  375  357  334  316  310  311  307  288  257
    10.0-180.0 180.0   5.0 450.0                            LAT/LON1/LON2/DLON/H
  281  253  222  188  152  119   97   86   79   69   56   47   45   49   59   73
   94  125  163  203  235  253  257  255  257  273  307  355  412  473  531  581
  616  634  635  623  606  593  594  612  644  681  712  733  744  749  753  751
  741  721  693  659  618  566  503  439  389  365  360  360  355  346  344  350
  355  349  332  316  311  315  316  304  281
     7.5-180.0 180.0   5.0 450.0                            LAT/LON1/LON2/DLON/H
  283  263  240  211  177  146  124  111  100   85   69   56   52   54   60   71
   92  125  166  207  239  256  261  260  265  286  325  379  438  496  545  581
  603  610  605  594  584  581  591  614  647  681  708  725  733  735  734  729
  715  692  663  630  589  536  469  400  346  317  308  306  300  294  299  317
  334  336  323  307  300  303  305  298  283
     5.0-180.0 180.0   5.0 450.0                            LAT/LON1/LON2/DLON/H
  264  253  238  216  187  159  140  129  117  100   82   70   65   65   67   74
   93  127  171  213  245  263  269  270  279  304  347  403  461  512  551  576
  588  589  585  581  583  594  614  642  672  700  720  730  732  729  724  717
  705  686  661  631  593  542  477  406  348  313  298  289  278  271  278  301
  324  329  315  295  283  281  280  274  264
     2.5-180.0 180.0   5.0 450.0                            LAT/LON1/LON2/DLON/H
  234  229  222  207  185  163  148  140  129  113   96   87   84   82   78   80
   97  132  177  222  256  275  283  288  299  326  371  425  479  521  550  568
  576  579  581  587  603  628  658  687  713  733  744  745  740  731  724  720
  715  704  686  663  632  587  527  459  398  358  335  318  300  287  290  311
  332  335  316  288  268  257  250  241  234
