TEC/CODG3230.12I
     1.0            IONOSPHERE MAPS     GNSS                IONEX VERSION / TYPE
ADDNEQ2 V5.3        AIUB                23-NOV-12 04:37     PGM / RUN BY / DATE 
CODE'S GLOBAL IONOSPHERE MAPS FOR DAY 323, 2012             COMMENT             
Global ionosphere maps (GIM) are generated on a daily basis DESCRIPTION         
at CODE using data from about 150 GPS sites of the IGS and  DESCRIPTION         
other institutions. The vertical total electron content     DESCRIPTION         
(VTEC) is modeled in a solar-geomagnetic reference frame    DESCRIPTION         
using a spherical harmonics expansion up to degree and      DESCRIPTION         
order 15. Piece-wise linear functions are used for          DESCRIPTION         
representation in the time domain. The time spacing of      DESCRIPTION         
their vertices is 2 hours, conforming with the epochs of    DESCRIPTION         
the VTEC maps. Instrumental biases, so-called differential  DESCRIPTION         
P1-P2 code biases (DCB), for all GPS satellites and ground  DESCRIPTION         
stations are estimated as constant values for each day,     DESCRIPTION         
simultaneously with the 13 times 256, or 3328 parameters    DESCRIPTION         
used to represent the global VTEC distribution. The DCB     DESCRIPTION         
datum is defined by a zero-mean condition imposed on the    DESCRIPTION         
satellite bias estimates. P1-C1 bias corrections are taken  DESCRIPTION         
into account if needed. To convert line-of-sight TEC into   DESCRIPTION         
vertical TEC, a modified single-layer model mapping         DESCRIPTION         
function approximating the JPL extended slab model mapping  DESCRIPTION         
function is adopted. The mapping function is evaluated at   DESCRIPTION         
geodetic satellite elevation angles. For the computation of DESCRIPTION         
the ionospheric pierce points, a spherical layer with a     DESCRIPTION         
radius of 6821 km is assumed, implying geocentric, not      DESCRIPTION         
geodetic IONEX latitudes.                                   DESCRIPTION         
Note: These GIM results correspond to the results for the   DESCRIPTION         
middle day of a 3-day combination analysis solving for 37   DESCRIPTION         
times 256, or 9472 VTEC parameters and one common set of    DESCRIPTION         
satellite and 24-hour receiver DCB constants.               DESCRIPTION         
Contact address: stefan.schaer or code @aiub.unibe.ch       DESCRIPTION         
Web page:        www.aiub.unibe.ch/content/ionosphere/      DESCRIPTION         
Data archive:    ftp.unibe.ch/aiub/CODE/                    DESCRIPTION         
                 www.aiub.unibe.ch/download/CODE/           DESCRIPTION         
  2012    11    18     0     0     0                        EPOCH OF FIRST MAP  
  2012    11    19     0     0     0                        EPOCH OF LAST MAP   
  7200                                                      INTERVAL            
    13                                                      # OF MAPS IN FILE   
  NONE                                                      MAPPING FUNCTION    
    10.0                                                    ELEVATION CUTOFF    
One-way carrier phase leveled to code                       OBSERVABLES USED    
[...]
fair faiv fale flin flrs frdn func ganp glps glsv gmsd gold COMMENT             
gope gras graz guam guat guug harb harv hers hert hnpt hob2 COMMENT             
hofn hofs holb holm hrao iddr ieng iisc ilha ineg invk iqui COMMENT             
irkj irkt isba joz2 joze karr kat1 kely kerg khar kir0 kiru COMMENT             
kit3 kokb kokv kosg kouc lama lck2 lcki lhaz lmmf lpal lpgs COMMENT             
m0se mac1 mag0 mal2 mana mas1 mat1 mate maui maw1 mbar mccj COMMENT             
mcm4 mdo1 mdvj medi mets mizu mkea mnls mobj mobk mobs monp COMMENT             
morp mqzg nano nico nist nklg nlib not1 novm nrc1 nril nrmd COMMENT             
ntus nurk nya1 ohi2 ohi3 onsa opmt pado palv park pbr2 pbri COMMENT             
pdel penc pert pfa2 pimo pol2 pots pove prds ptag ptbb qaq1 COMMENT             
quin rabt ramo rcmn recf reso reun reyk rio2 riop rosa roth COMMENT             
salu sant savo sch2 scor sele sey1 sfer shao smst sofi spt0 COMMENT             
ssia sthl stjo stk2 str2 suth sutv suwn sydn syog tabv tah1 COMMENT             
tah2 tash thti thu2 thu3 tid1 tidb tixg tixi tlse tn22 tow2 COMMENT             
tro1 tsea tskb twtf txes uclu ufpr ulab unb3 unbj unbn unbt COMMENT             
unsa untr urum urus usn3 usno usud vaco vald vesl vill vtsp COMMENT             
wab1 wab2 wes2 wgtn whit will wind wsrt wtza wtzr wtzs wtzz COMMENT             
wuhn xmis yakt yar2 yar3 yarr ycba yell yssk zamb zeck zim2 COMMENT             
zimm                                                        COMMENT             
                                                            END OF HEADER       
[from data line 2145]
     6                                                      START OF TEC MAP    
  2012    11    18    10     0     0                        EPOCH OF CURRENT MAP
    87.5-180.0 180.0   5.0 450.0                            LAT/LON1/LON2/DLON/H
   55   57   59   61   62   64   66   67   69   70   71   73   74   75   75   76
   77   77   77   78   78   78   77   77   77   76   76   75   75   74   73   72
   71   70   68   67   66   64   63   61   60   58   56   55   53   52   50   49
   47   46   45   43   42   42   41   40   40   40   39   40   40   40   41   42
   43   44   45   47   48   50   51   53   55
    85.0-180.0 180.0   5.0 450.0                            LAT/LON1/LON2/DLON/H
   50   53   57   60   64   67   70   72   75   77   79   80   82   83   84   85
   85   85   86   86   86   86   86   86   85   85   84   84   83   82   81   79
   78   77   75   73   71   69   67   64   62   59   57   54   51   48   46   43
   40   37   35   32   30   28   26   24   23   22   21   21   21   22   23   24
   26   28   30   33   36   39   43   46   50
    82.5-180.0 180.0   5.0 450.0                            LAT/LON1/LON2/DLON/H
   45   49   54   59   63   67   71   74   77   79   80   81   82   83   83   83
   83   83   83   83   84   84   84   84   84   84   84   84   84   84   83   83
   82   81   80   79   77   75   73   71   69   66   64   61   58   54   51   47
   44   40   36   32   29   25   22   19   16   14   12   11   10   10   11   12
   14   17   19   23   27   31   35   40   45
    80.0-180.0 180.0   5.0 450.0                            LAT/LON1/LON2/DLON/H
   40   45   51   56   61   65   69   72   74   75   76   76   75   74   74   73
   72   72   72   72   72   73   74   75   76   77   78   79   80   81   82   83
   83   84   84   84   84   84   83   82   81   80   78   76   74   71   68   65
   60   56   51   46   41   36   31   26   21   18   14   12   10    9    9    9
   11   12   15   18   21   25   30   35   40
    77.5-180.0 180.0   5.0 450.0                            LAT/LON1/LON2/DLON/H
   37   42   47   53   58   62   66   68   69   69   68   66   64   61   59   57
   56   55   56   56   58   59   61   63   64   66   68   70   73   75   77   80
   83   85   88   90   92   94   96   97   98   99  100   99   99   97   95   92
   89   84   78   72   65   58   51   44   38   32   27   23   20   18   16   16
   16   16   17   19   21   24   28   32   37
    75.0-180.0 180.0   5.0 450.0                            LAT/LON1/LON2/DLON/H
   35   39   44   49   54   59   62   64   64   63   60   56   52   47   44   41
   40   40   41   43   45   48   50   52   55   57   59   61   64   68   72   76
   81   86   91   97  102  106  111  115  119  122  125  127  129  129  129  127
  123  118  112  104   96   87   78   68   60   52   46   40   36   32   30   28
   27   26   26   26   26   27   29   31   35
    72.5-180.0 180.0   5.0 450.0                            LAT/LON1/LON2/DLON/H
   34   37   41   46   51   56   60   62   62   59   54   49   42   37   32   30
   29   30   33   36   40   43   46   48   49   51   52   54   57   61   67   73
   80   88   96  104  112  120  127  134  141  146  152  156  160  162  163  161
  158  153  146  137  126  115  103   92   81   72   63   56   51   47   44   42
   40   39   37   36   35   33   32   33   34
    70.0-180.0 180.0   5.0 450.0                            LAT/LON1/LON2/DLON/H
   35   36   39   44   49   55   60   62   62   58   53   46   38   32   27   25
   26   28   33   37   42   46   48   49   49   49   49   50   52   56   62   70
   79   90  100  111  122  133  143  153  161  169  176  182  187  190  192  191
  188  182  173  162  150  136  122  109   96   85   75   67   61   57   54   52
   51   49   48   46   43   40   38   36   35
    67.5-180.0 180.0   5.0 450.0                            LAT/LON1/LON2/DLON/H
   36   36   38   42   48   54   60   63   64   61   55   47   40   33   29   28
   30   34   39   45   50   54   55   55   53   50   48   47   49   53   60   69
   80   93  106  119  133  146  159  170  180  189  197  203  208  212  213  212
  209  202  192  179  164  149  133  117  103   91   80   71   64   59   56   55
   54   54   54   53   50   47   43   39   36
    65.0-180.0 180.0   5.0 450.0                            LAT/LON1/LON2/DLON/H
   39   36   37   40   46   53   60   64   66   63   58   51   44   38   35   35
   38   43   49   55   60   63   63   61   57   52   48   45   46   51   59   69
   82   97  112  128  144  159  173  186  197  205  213  218  223  225  227  225
  221  213  202  187  171  154  136  120  105   91   79   69   61   55   52   51
   51   53   54   55   54   52   48   43   39
    62.5-180.0 180.0   5.0 450.0                            LAT/LON1/LON2/DLON/H
   42   38   37   38   43   50   57   63   65   64   61   55   49   45   43   43
   46   51   57   63   67   69   68   64   58   52   47   44   45   51   60   72
   87  103  120  137  154  171  186  199  210  218  224  229  232  234  235  233
  228  220  207  192  174  156  138  121  106   91   78   66   57   49   44   43
   43   46   50   53   55   55   52   48   42
    60.0-180.0 180.0   5.0 450.0                            LAT/LON1/LON2/DLON/H
   47   41   38   37   41   46   53   59   62   62   60   56   53   50   49   50
   53   57   61   65   67   68   66   62   55   49   44   43   45   53   64   79
   95  112  130  148  165  182  198  211  222  229  234  237  239  240  241  240
  235  227  214  198  179  161  143  127  111   97   83   69   57   47   40   36
   36   39   43   49   54   56   56   52   47
    57.5-180.0 180.0   5.0 450.0                            LAT/LON1/LON2/DLON/H
   53   47   41   39   40   43   48   53   56   57   56   54   53   52   53   54
   55   57   58   60   61   60   58   54   49   44   41   42   47   57   72   89
  107  125  143  160  177  194  209  222  232  239  243  245  246  248  249  249
  246  238  226  209  190  172  154  139  125  111   96   81   67   54   44   38
   34   35   39   45   52   58   60   58   53
    55.0-180.0 180.0   5.0 450.0                            LAT/LON1/LON2/DLON/H
   62   55   49   44   42   43   45   47   49   50   50   50   50   52   53   54
   54   53   52   51   50   49   47   44   41   38   38   42   51   65   83  103
  123  142  159  176  191  206  221  233  243  249  253  255  257  259  262  263
  262  255  243  226  207  188  172  157  144  131  117  102   86   72   59   49
   42   39   40   45   53   60   65   66   62
    52.5-180.0 180.0   5.0 450.0                            LAT/LON1/LON2/DLON/H
   72   67   60   54   50   48   47   46   45   44   44   45   47   49   52   52
   51   49   45   42   40   38   37   35   33   33   36   44   57   76   97  120
  142  162  178  193  207  220  233  244  254  260  264  267  269  273  277  280
  280  275  263  246  226  207  190  177  165  153  139  125  110   95   82   70
   60   52   49   51   57   65   72   74   72
    50.0-180.0 180.0   5.0 450.0                            LAT/LON1/LON2/DLON/H
   84   80   75   70   65   61   56   51   47   43   42   42   44   47   50   51
   49   46   42   38   35   33   31   30   30   32   38   49   66   89  114  139
  163  183  200  213  224  235  246  257  265  272  277  280  284  288  292  296
  297  292  280  263  241  221  203  190  179  168  156  144  131  119  107   95
   82   71   62   60   64   72   79   84   84
    47.5-180.0 180.0   5.0 450.0                            LAT/LON1/LON2/DLON/H
   94   93   91   88   85   79   72   63   55   49   45   44   44   47   49   50
   50   48   44   41   38   36   33   31   31   35   43   57   78  103  131  158
  183  204  220  233  243  252  262  271  279  285  290  294  298  301  304  307
  307  302  290  271  248  226  206  192  181  171  161  151  142  135  127  117
  104   90   78   72   73   79   86   92   94
    45.0-180.0 180.0   5.0 450.0                            LAT/LON1/LON2/DLON/H
  100  102  104  106  105  100   91   80   70   61   55   51   49   49   51   53
   54   54   53   52   50   47   43   39   38   41   52   68   91  117  146  174
  200  222  239  251  262  271  279  287  293  299  304  307  309  310  311  310
  308  301  289  270  246  221  200  183  172  162  153  145  140  137  135  129
  119  105   91   83   81   84   91   96  100
    42.5-180.0 180.0   5.0 450.0                            LAT/LON1/LON2/DLON/H
   99  104  111  117  120  117  109   97   86   77   69   63   58   55   55   57
   60   63   66   67   67   63   57   50   48   51   63   81  105  131  158  186
  211  234  252  267  279  290  298  305  310  314  318  319  319  316  312  306
  300  293  281  263  239  213  190  172  159  148  139  131  127  128  130  129
  123  112   99   90   86   87   91   95   99
    40.0-180.0 180.0   5.0 450.0                            LAT/LON1/LON2/DLON/H
   90   96  106  118  125  125  118  108   99   91   84   76   69   64   62   64
   69   75   80   85   86   81   73   64   59   64   76   96  118  143  167  192
  216  239  260  279  295  309  320  327  330  332  332  332  329  322  312  300
  291  284  274  259  237  212  189  170  156  144  132  121  115  114  118  120
  118  111  101   93   88   87   87   87   90
    37.5-180.0 180.0   5.0 450.0                            LAT/LON1/LON2/DLON/H
   73   78   90  105  116  118  114  107  102   99   95   89   81   74   71   73
   78   85   93  100  102   97   87   76   71   77   91  111  132  153  173  194
  215  238  262  286  309  329  344  351  353  352  350  347  342  332  317  302
  290  284  279  270  253  232  211  193  179  164  148  130  117  110  109  110
  110  107  100   94   89   84   79   74   73
    35.0-180.0 180.0   5.0 450.0                            LAT/LON1/LON2/DLON/H
   52   54   65   81   93   97   95   93   94   98  100   97   90   84   81   83
   87   94  102  110  113  108   97   86   82   90  106  127  146  162  177  193
  212  235  262  292  323  350  370  379  379  375  371  368  363  353  336  319
  307  304  305  305  297  282  266  252  239  223  200  173  147  127  117  112
  111  108  104   99   93   83   72   60   52
    32.5-180.0 180.0   5.0 450.0                            LAT/LON1/LON2/DLON/H
   33   29   36   50   61   65   64   66   74   85   95   98   96   92   92   93
   96  100  106  113  117  113  102   93   92  102  121  141  158  170  180  192
  209  233  263  299  338  373  398  409  409  402  398  397  396  389  375  358
  348  350  360  369  371  366  358  351  341  323  294  255  214  177  152  136
  129  124  120  114  104   89   69   48   33
    30.0-180.0 180.0   5.0 450.0                            LAT/LON1/LON2/DLON/H
   22   11   12   21   28   29   28   33   46   65   82   92   95   97  100  103
  104  104  107  112  116  113  104   97   99  113  134  154  168  177  185  196
  212  237  270  311  356  397  427  441  440  434  430  434  441  442  433  421
  415  422  439  458  471  477  479  479  474  457  423  372  315  260  217  188
  171  161  153  143  127  104   76   46   22
    27.5-180.0 180.0   5.0 450.0                            LAT/LON1/LON2/DLON/H
   27    7    1    3    4    2    0    3   19   43   65   80   89   98  106  111
  110  107  106  109  112  110  104   99  105  122  143  162  175  184  193  206
  224  251  286  331  379  425  458  474  474  468  469  480  497  508  508  501
  500  511  534  560  582  597  609  618  620  604  566  507  437  367  308  265
  238  220  205  188  164  133   96   58   27
    25.0-180.0 180.0   5.0 450.0                            LAT/LON1/LON2/DLON/H
   50   23   10    5    0    0    0    0    1   24   47   64   78   93  108  117
  116  109  105  106  109  108  103  101  109  127  148  166  180  191  206  224
  247  277  314  359  409  455  490  506  507  504  510  531  559  581  590  589
  591  604  629  658  684  706  726  743  750  738  699  635  557  478  409  356
  320  294  271  246  214  175  132   88   50
    22.5-180.0 180.0   5.0 450.0                            LAT/LON1/LON2/DLON/H
   92   61   41   29   18    5    0    0    0   17   35   50   65   84  105  118
  119  112  105  105  107  106  102  102  111  129  149  166  181  199  223  250
  280  314  352  396  443  488  520  536  539  541  554  583  621  652  668  671
  673  685  707  733  758  782  806  828  840  831  793  731  653  572  501  444
  403  371  342  309  271  227  180  133   92
    20.0-180.0 180.0   5.0 450.0                            LAT/LON1/LON2/DLON/H
  149  116   92   75   60   41   24   14   15   24   33   41   53   73   97  115
  118  113  107  107  108  107  102  102  111  128  146  163  182  209  244  282
  320  358  396  437  480  519  548  564  569  576  595  631  675  712  730  734
  734  740  755  773  791  812  836  859  872  865  831  774  703  630  564  510
  470  436  404  368  327  282  236  190  149
    17.5-180.0 180.0   5.0 450.0                            LAT/LON1/LON2/DLON/H
  212  179  154  135  117   96   74   57   48   45   42   40   45   62   87  107
  114  112  109  110  112  109  104  103  111  126  142  160  184  222  268  317
  362  402  440  478  515  548  573  587  596  607  632  672  717  753  769  770
  766  766  769  775  782  795  813  833  844  837  807  759  699  639  585  541
  507  477  446  411  372  331  290  250  212
    15.0-180.0 180.0   5.0 450.0                            LAT/LON1/LON2/DLON/H
  270  241  217  198  179  157  132  109   92   77   62   48   44   55   76   97
  107  110  111  114  116  112  106  105  113  126  141  160  191  238  295  351
  400  440  477  511  543  570  591  606  617  634  663  702  744  773  784  781
  772  763  756  748  741  742  751  763  769  759  733  694  648  602  563  532
  507  485  460  431  399  367  335  302  270
    12.5-180.0 180.0   5.0 450.0                            LAT/LON1/LON2/DLON/H
  314  289  268  250  233  212  186  160  136  114   89   66   52   54   69   87
   99  106  112  119  121  116  109  109  117  131  146  168  204  258  321  380
  428  467  501  533  561  584  603  618  634  655  685  721  755  775  778  770
  758  744  728  707  687  675  673  675  672  659  634  602  567  535  509  489
  474  460  444  424  403  383  362  339  314
    10.0-180.0 180.0   5.0 450.0                            LAT/LON1/LON2/DLON/H
  335  316  298  284  269  250  225  198  173  147  118   89   68   61   68   81
   93  103  113  122  125  120  114  116  127  143  159  184  224  281  345  401
  444  479  511  541  568  590  608  626  645  670  700  730  754  764  760  749
  737  723  702  673  643  620  607  598  587  568  543  514  485  460  441  428
  420  413  404  395  386  377  368  354  335
     7.5-180.0 180.0   5.0 450.0                            LAT/LON1/LON2/DLON/H
  333  318  305  294  283  266  243  219  194  170  144  115   90   76   75   81
   90  101  114  125  128  125  122  128  144  162  181  207  249  305  364  412
  448  476  506  536  563  587  607  628  652  679  707  732  746  747  740  731
  724  713  693  661  626  597  576  558  539  515  487  458  429  402  382  368
  361  357  354  353  353  354  353  346  333
     5.0-180.0 180.0   5.0 450.0                            LAT/LON1/LON2/DLON/H
  311  300  291  284  275  262  242  221  201  182  162  139  115   97   88   87
   92  102  116  127  131  130  132  145  165  187  208  236  276  327  377  415
  441  463  491  522  552  578  602  627  653  681  708  728  736  733  726  723
  725  723  708  680  646  616  592  570  545  516  485  451  416  381  351  330
  317  311  308  309  314  320  323  319  311
     2.5-180.0 180.0   5.0 450.0                            LAT/LON1/LON2/DLON/H
  276  269  264  261  256  245  229  211  196  185  173  158  139  121  107  100
   99  107  119  129  134  137  145  164  190  215  237  263  300  343  383  410
  428  446  473  506  539  569  596  624  652  680  704  721  727  725  723  729
  742  751  746  726  699  675  654  632  605  573  539  499  452  404  359  325
  302  287  279  277  280  285  286  283  276
