TEC/CODG3250.12I
     1.0            IONOSPHERE MAPS     GNSS                IONEX VERSION / TYPE
ADDNEQ2 V5.3        AIUB                24-NOV-12 20:55     PGM / RUN BY / DATE 
CODE'S GLOBAL IONOSPHERE MAPS FOR DAY 325, 2012             COMMENT             
Global ionosphere maps (GIM) are generated on a daily basis DESCRIPTION         
at CODE using data from about 150 GPS sites of the IGS and  DESCRIPTION         
other institutions. The vertical total electron content     DESCRIPTION         
(VTEC) is modeled in a solar-geomagnetic reference frame    DESCRIPTION         
using a spherical harmonics expansion up to degree and      DESCRIPTION         
order 15. Piece-wise linear functions are used for          DESCRIPTION         
representation in the time domain. The time spacing of      DESCRIPTION         
their vertices is 2 hours, conforming with the epochs of    DESCRIPTION         
the VTEC maps. Instrumental biases, so-called differential  DESCRIPTION         
P1-P2 code biases (DCB), for all GPS satellites and ground  DESCRIPTION         
stations are estimated as constant values for each day,     DESCRIPTION         
simultaneously with the 13 times 256, or 3328 parameters    DESCRIPTION         
used to represent the global VTEC distribution. The DCB     DESCRIPTION         
datum is defined by a zero-mean condition imposed on the    DESCRIPTION         
satellite bias estimates. P1-C1 bias corrections are taken  DESCRIPTION         
into account if needed. To convert line-of-sight TEC into   DESCRIPTION         
vertical TEC, a modified single-layer model mapping         DESCRIPTION         
function approximating the JPL extended slab model mapping  DESCRIPTION         
function is adopted. The mapping function is evaluated at   DESCRIPTION         
geodetic satellite elevation angles. For the computation of DESCRIPTION         
the ionospheric pierce points, a spherical layer with a     DESCRIPTION         
radius of 6821 km is assumed, implying geocentric, not      DESCRIPTION         
geodetic IONEX latitudes.                                   DESCRIPTION         
Note: These GIM results correspond to the results for the   DESCRIPTION         
middle day of a 3-day combination analysis solving for 37   DESCRIPTION         
times 256, or 9472 VTEC parameters and one common set of    DESCRIPTION         
satellite and 24-hour receiver DCB constants.               DESCRIPTION         
Contact address: stefan.schaer or code @aiub.unibe.ch       DESCRIPTION         
Web page:        www.aiub.unibe.ch/content/ionosphere/      DESCRIPTION         
Data archive:    ftp.unibe.ch/aiub/CODE/                    DESCRIPTION         
                 www.aiub.unibe.ch/download/CODE/           DESCRIPTION         
  2012    11    20     0     0     0                        EPOCH OF FIRST MAP  
  2012    11    21     0     0     0                        EPOCH OF LAST MAP   
  7200                                                      INTERVAL            
    13                                                      # OF MAPS IN FILE   
  NONE                                                      MAPPING FUNCTION    
    10.0                                                    ELEVATION CUTOFF    
One-way carrier phase leveled to code                       OBSERVABLES USED    
[...]
cpxf crar cro1 daej darw dav1 dgar dgav dhlg drao dubo ebre COMMENT             
etad etdd fair faiv fale flin flrs frdn func ganp glps glsv COMMENT             
gmsd gold gope gras graz guam guat guug harb harv hers hert COMMENT             
hnpt hob2 hofn hofs holb holm hrao iddr iisc ilha ineg invk COMMENT             
iqui irkj irkt isba joz2 joze karr kat1 kely kerg khar kiru COMMENT             
kit3 kokb kokv kouc lama lck2 lcki lhaz lmmf lpal lpgs m0se COMMENT             
mac1 mag0 mal2 mana mas1 mat1 mate maui maw1 mbar mccj mcm4 COMMENT             
mdo1 mdvj medi mets mizu mkea mnls mobj mobk mobs monp morp COMMENT             
mqzg nano nico nist nklg nlib not1 novm nrc1 nril nrmd ntus COMMENT             
nurk nya1 ohi2 ohi3 onsa opmt pado palv park pbr2 pbri pdel COMMENT             
penc pert pfa2 pimo pol2 pots pove prds ptag ptbb qaq1 quin COMMENT             
rabt ramo rcmn recf reso reun reyk rio2 riop rosa roth salu COMMENT             
sant savo sch2 scor sele sey1 sfer shao smst sofi spt0 ssia COMMENT             
sthl stjo stk2 str2 suth sutv suwn sydn syog tabv tah1 tah2 COMMENT             
tash thti thu2 thu3 tid1 tidb tixg tixi tlse tn22 tow2 tro1 COMMENT             
tsea tskb twtf txes uclu ufpr ulab unb3 unbj unbn unbt unsa COMMENT             
untr urum urus usn3 usno usud vaco vald vesl vill vtsp wab1 COMMENT             
wab2 wes2 wgtn whit will wind wsrt wtza wtzr wtzs wtzz wuhn COMMENT             
xmis yakt yar2 yar3 yarr ycba yell yssk zamb zeck zim2 zimm COMMENT             
                                                            END OF HEADER       
[from data line 5148]
    13                                                      START OF TEC MAP    
  2012    11    21     0     0     0                        EPOCH OF CURRENT MAP
    87.5-180.0 180.0   5.0 450.0                            LAT/LON1/LON2/DLON/H
   91   93   95   98  100  102  104  107  109  111  113  115  116  118  119  120
  121  122  122  122  122  122  121  121  120  118  117  116  114  113  111  110
  108  106  105  103  101  100   98   97   95   94   93   91   90   89   88   87
   86   85   84   83   82   82   81   81   80   80   79   79   79   79   80   80
   81   81   82   83   85   86   88   89   91
    85.0-180.0 180.0   5.0 450.0                            LAT/LON1/LON2/DLON/H
   80   84   88   92   97  101  106  111  116  120  124  128  132  135  138  140
  141  142  142  142  141  139  137  135  132  129  126  123  119  116  112  109
  106  103  101   98   96   93   91   89   88   86   84   83   81   80   79   78
   77   76   75   73   72   71   70   69   68   67   66   65   64   64   63   63
   64   64   65   67   68   71   73   76   80
    82.5-180.0 180.0   5.0 450.0                            LAT/LON1/LON2/DLON/H
   72   77   82   88   94  101  107  114  120  126  132  138  142  147  150  153
  154  155  154  153  150  147  143  138  133  128  122  117  112  107  103   99
   96   93   90   88   86   84   82   81   80   78   77   76   76   75   74   74
   73   73   72   72   71   70   69   67   66   64   62   61   59   57   56   55
   54   54   55   56   58   60   64   68   72
    80.0-180.0 180.0   5.0 450.0                            LAT/LON1/LON2/DLON/H
   74   79   85   91   98  104  111  117  124  130  135  141  145  149  153  155
  156  156  154  152  148  143  137  130  123  115  108  101   95   90   86   83
   81   79   78   77   76   76   75   75   74   74   73   73   73   73   73   74
   75   75   76   76   76   76   75   74   73   70   68   65   63   60   58   56
   55   55   55   56   58   61   65   69   74
    77.5-180.0 180.0   5.0 450.0                            LAT/LON1/LON2/DLON/H
   89   95  100  106  111  116  120  125  129  132  136  138  141  143  144  145
  145  144  142  139  134  128  121  113  105   96   88   81   75   71   68   67
   67   67   69   70   71   73   73   73   73   73   73   73   73   74   75   76
   78   80   82   84   85   86   86   85   84   82   79   76   73   70   68   66
   65   65   66   68   71   74   79   84   89
    75.0-180.0 180.0   5.0 450.0                            LAT/LON1/LON2/DLON/H
  117  122  127  131  135  137  138  139  139  138  136  134  131  129  127  125
  124  123  121  118  115  109  103   95   87   78   70   63   58   56   55   56
   58   62   66   69   72   75   76   76   76   75   74   74   74   75   77   79
   82   85   89   92   94   96   96   96   95   93   90   87   85   82   80   79
   79   81   84   88   93   99  105  111  117
    72.5-180.0 180.0   5.0 450.0                            LAT/LON1/LON2/DLON/H
  151  157  161  164  166  166  165  161  156  149  140  131  122  113  106  101
   98   96   96   96   95   92   88   82   75   68   60   54   51   49   50   53
   58   63   69   74   77   80   80   80   79   77   76   74   74   75   77   80
   84   88   93   96   99  101  102  102  101   99   97   95   93   92   91   92
   95   99  105  111  119  128  136  144  151
    70.0-180.0 180.0   5.0 450.0                            LAT/LON1/LON2/DLON/H
  183  190  195  198  200  199  196  189  180  167  152  135  118  102   89   79
   74   72   74   77   81   82   82   79   75   69   62   57   53   53   54   58
   63   69   75   80   83   84   84   82   80   77   75   73   73   74   76   79
   84   88   92   96   99  100  101  100   99   98   96   95   95   96   98  102
  107  115  123  133  144  155  165  175  183
    67.5-180.0 180.0   5.0 450.0                            LAT/LON1/LON2/DLON/H
  207  214  221  225  228  229  227  221  210  194  174  150  124  100   80   65
   57   56   60   67   75   82   86   87   84   80   74   69   65   63   64   67
   71   76   80   83   84   84   82   79   76   73   70   69   69   70   72   76
   80   84   88   90   92   93   92   91   90   89   89   90   92   96  101  108
  117  126  138  150  163  175  187  198  207
    65.0-180.0 180.0   5.0 450.0                            LAT/LON1/LON2/DLON/H
  218  226  233  240  247  252  254  252  243  226  203  174  142  110   83   64
   53   51   56   67   78   89   96   99   99   95   90   85   80   77   75   76
   77   79   80   80   79   77   74   71   68   66   64   63   63   64   67   70
   74   77   79   81   81   80   79   77   76   76   77   81   86   94  102  113
  124  136  148  162  175  188  199  209  218
    62.5-180.0 180.0   5.0 450.0                            LAT/LON1/LON2/DLON/H
  218  225  233  244  255  266  275  279  274  260  237  205  168  131   99   75
   61   58   63   73   86   97  105  110  110  108  103   97   91   86   83   80
   78   76   74   72   69   66   63   61   59   57   57   57   58   59   61   64
   66   68   69   69   67   65   63   61   60   61   65   72   81   93  106  119
  132  146  159  171  183  194  203  211  218
    60.0-180.0 180.0   5.0 450.0                            LAT/LON1/LON2/DLON/H
  215  220  228  241  257  275  290  300  301  291  270  238  199  159  123   96
   79   73   76   83   92  101  107  110  111  109  106  101   95   89   84   79
   74   70   65   61   57   54   52   51   51   52   53   54   55   56   57   58
   59   59   58   56   54   51   49   47   48   51   57   67   81   97  114  130
  146  159  172  183  192  200  206  211  215
    57.5-180.0 180.0   5.0 450.0                            LAT/LON1/LON2/DLON/H
  216  219  228  242  262  284  304  318  323  316  297  267  229  189  152  122
  103   94   91   92   95   96   97   98   98   98   97   94   91   86   80   74
   68   63   57   53   49   47   47   48   49   52   54   55   56   56   56   55
   54   52   50   47   44   41   39   39   42   47   56   70   87  107  128  148
  165  179  190  199  207  212  215  216  216
    55.0-180.0 180.0   5.0 450.0                            LAT/LON1/LON2/DLON/H
  231  232  240  256  277  300  322  336  341  334  316  288  252  214  179  150
  129  115  106   99   91   84   78   74   74   76   79   81   81   79   75   70
   64   59   54   50   48   48   49   52   56   59   61   62   63   62   60   57
   53   49   45   41   38   37   37   39   43   51   62   79   99  123  147  170
  188  202  213  222  228  232  234  232  231
    52.5-180.0 180.0   5.0 450.0                            LAT/LON1/LON2/DLON/H
  261  262  271  287  308  330  348  357  357  347  327  300  268  233  201  174
  153  136  120  103   85   68   55   48   48   53   61   68   73   74   73   70
   66   62   58   56   56   58   61   65   69   72   74   75   75   72   69   64
   59   53   47   42   39   39   40   45   52   62   76   94  117  143  169  193
  213  227  238  247  255  260  263  263  261
    50.0-180.0 180.0   5.0 450.0                            LAT/LON1/LON2/DLON/H
  302  306  316  333  354  373  383  383  374  356  334  307  277  247  219  195
  174  155  134  110   83   58   39   29   30   38   50   62   71   76   78   76
   74   71   70   69   71   73   77   82   86   89   91   92   91   88   83   77
   70   62   55   50   47   47   51   57   67   79   94  113  136  163  190  215
  234  248  259  270  281  291  298  301  302
    47.5-180.0 180.0   5.0 450.0                            LAT/LON1/LON2/DLON/H
  345  352  366  386  407  422  424  413  392  366  338  311  284  257  234  213
  195  175  151  122   91   62   40   30   30   40   54   68   79   86   89   88
   86   84   83   84   87   90   95   99  103  106  108  109  109  107  102   95
   87   78   70   64   60   60   65   74   86  100  116  134  157  183  209  233
  250  263  274  286  301  317  330  339  345
    45.0-180.0 180.0   5.0 450.0                            LAT/LON1/LON2/DLON/H
  376  388  406  430  453  466  462  441  411  377  346  318  293  269  249  231
  214  196  172  144  113   85   64   53   53   60   73   86   96  102  104  103
   99   96   95   96   99  103  108  112  115  119  123  126  127  126  122  115
  107   98   89   82   77   77   82   92  106  121  139  157  178  201  225  246
  261  271  280  292  310  332  351  366  376
    42.5-180.0 180.0   5.0 450.0                            LAT/LON1/LON2/DLON/H
  388  403  424  452  479  493  486  462  426  389  357  330  307  286  267  251
  235  218  197  172  148  125  108   97   93   95  102  110  117  121  120  115
  109  104  101  102  105  109  113  117  122  127  133  139  143  144  141  134
  126  118  109  102   96   94   98  109  125  143  162  180  200  220  240  257
  268  274  280  291  310  334  357  375  388
    40.0-180.0 180.0   5.0 450.0                            LAT/LON1/LON2/DLON/H
  378  392  414  445  475  493  490  467  434  399  370  346  326  306  288  271
  255  239  221  203  187  174  161  149  139  133  131  133  135  136  132  124
  114  105  100  100  103  108  113  117  123  130  138  147  154  156  154  149
  142  134  128  121  114  111  113  124  142  163  185  205  222  239  255  269
  276  279  281  289  305  328  350  366  378
    37.5-180.0 180.0   5.0 450.0                            LAT/LON1/LON2/DLON/H
  353  361  380  410  444  467  471  456  431  404  382  364  346  328  309  290
  272  255  239  228  221  216  208  194  177  161  151  147  147  145  139  128
  114  103   96   95   99  104  109  114  121  130  141  151  159  162  161  155
  150  145  141  136  130  124  125  135  155  182  207  229  246  261  274  284
  290  291  290  293  305  322  338  348  353
    35.0-180.0 180.0   5.0 450.0                            LAT/LON1/LON2/DLON/H
  328  325  336  362  396  424  436  432  419  403  391  379  365  347  328  306
  284  262  245  237  237  238  233  217  193  171  156  151  151  150  144  131
  116  102   94   93   98  103  108  113  120  130  142  153  160  162  159  154
  150  149  148  146  140  134  133  143  166  197  229  254  271  284  294  304
  312  314  313  313  318  327  334  334  328
    32.5-180.0 180.0   5.0 450.0                            LAT/LON1/LON2/DLON/H
  321  306  305  322  351  380  398  405  403  399  394  388  377  362  342  317
  289  260  237  227  228  231  227  209  183  160  148  148  152  155  151  139
  123  109  102  102  107  112  116  119  124  133  143  152  157  157  152  147
  144  146  150  151  146  139  137  148  174  211  247  277  295  307  317  329
  341  349  352  352  353  354  350  339  321
    30.0-180.0 180.0   5.0 450.0                            LAT/LON1/LON2/DLON/H
  347  322  309  314  333  357  377  389  395  398  398  394  386  372  353  326
  290  251  217  199  196  197  192  175  153  138  137  147  160  168  167  157
  143  130  124  125  129  132  132  132  134  140  147  153  154  150  144  137
  135  140  147  151  148  141  139  151  181  221  264  297  317  328  339  355
  376  395  406  410  409  405  395  375  347
    27.5-180.0 180.0   5.0 450.0                            LAT/LON1/LON2/DLON/H
  414  383  361  353  359  373  387  398  406  409  409  404  396  385  368  338
  295  243  195  164  152  148  142  129  119  121  138  162  184  195  195  187
  175  165  161  162  164  163  157  152  149  151  154  155  152  146  137  130
  129  135  144  149  148  142  141  154  186  230  277  313  334  346  359  381
  412  444  468  480  483  478  466  445  414
    25.0-180.0 180.0   5.0 450.0                            LAT/LON1/LON2/DLON/H
  516  488  462  445  437  437  440  444  446  443  436  427  419  410  394  364
  313  248  185  140  116  106   99   95  103  128  166  203  227  236  234  226
  217  210  207  207  205  197  185  173  166  164  163  161  155  147  138  131
  129  134  142  148  146  141  142  158  191  238  287  325  348  360  375  403
  446  492  530  552  561  562  556  541  516
    22.5-180.0 180.0   5.0 450.0                            LAT/LON1/LON2/DLON/H
  638  621  600  578  558  543  534  527  519  507  490  474  463  456  443  412
  355  279  203  145  111   95   90   98  126  174  230  272  291  289  278  268
  262  258  256  252  244  228  208  191  181  177  174  170  163  155  147  140
  137  140  145  148  145  141  145  163  199  247  296  335  359  372  389  423
  475  533  582  614  632  642  648  647  638
    20.0-180.0 180.0   5.0 450.0                            LAT/LON1/LON2/DLON/H
  756  758  749  729  702  676  655  638  621  598  571  548  536  531  521  489
  428  345  262  196  155  136  134  153  199  266  329  364  364  342  319  306
  302  300  297  288  272  249  222  201  190  187  185  181  176  170  164  157
  152  151  151  150  146  143  150  172  209  256  304  344  369  384  404  441
  499  564  620  658  683  704  724  743  756
    17.5-180.0 180.0   5.0 450.0                            LAT/LON1/LON2/DLON/H
  847  872  880  867  839  807  780  759  738  709  676  648  635  633  625  594
  532  448  363  297  256  236  236  263  321  393  449  463  434  386  348  331
  330  330  324  310  286  255  224  203  194  195  196  195  192  189  185  178
  170  164  159  153  147  146  158  183  221  267  313  353  380  398  420  461
  521  587  643  681  709  737  772  811  847
    15.0-180.0 180.0   5.0 450.0                            LAT/LON1/LON2/DLON/H
  895  942  968  966  941  909  884  867  850  822  789  762  751  752  747  717
  656  577  501  442  406  387  388  415  471  534  569  550  484  409  359  342
  346  348  339  317  285  249  217  197  194  201  207  209  209  208  205  198
  187  176  166  156  149  151  167  197  235  279  323  362  391  414  440  483
  542  604  652  684  709  741  785  839  895
    12.5-180.0 180.0   5.0 450.0                            LAT/LON1/LON2/DLON/H
  898  959  998 1007  988  963  947  943  937  919  892  869  864  870  867  840
  785  717  655  610  583  565  562  580  622  661  663  604  505  409  354  344
  354  358  344  315  277  237  205  190  194  206  217  222  223  224  220  211
  197  182  169  158  152  158  178  212  251  291  332  370  403  430  462  507
  563  617  654  675  692  721  768  829  898
    10.0-180.0 180.0   5.0 450.0                            LAT/LON1/LON2/DLON/H
  861  928  974  989  978  961  959  973  986  982  965  951  952  963  965  943
  896  843  800  773  755  737  723  724  739  746  710  617  493  390  343  345
  364  368  348  312  268  227  197  187  196  213  227  232  234  233  227  215
  198  183  170  160  155  165  190  227  265  302  339  376  411  444  482  529
  583  629  653  660  667  689  731  792  861
     7.5-180.0 180.0   5.0 450.0                            LAT/LON1/LON2/DLON/H
  805  867  912  928  921  912  925  959  991 1002  995  988  996 1014 1021 1005
  969  933  909  899  889  867  838  814  798  770  702  587  459  367  338  358
  385  388  361  316  269  227  200  193  205  223  236  240  239  236  227  211
  193  178  168  161  160  172  201  240  277  310  342  377  414  452  494  545
  598  637  652  648  645  659  692  743  805
     5.0-180.0 180.0   5.0 450.0                            LAT/LON1/LON2/DLON/H
  750  800  838  850  842  839  863  912  959  981  979  976  988 1011 1024 1015
  991  970  964  966  958  928  881  831  785  731  645  530  419  355  354  392
  424  421  385  333  282  241  214  209  220  235  244  244  240  233  221  203
  185  172  166  163  166  181  212  250  285  314  341  373  409  449  495  549
  603  639  649  641  634  641  665  702  750
     2.5-180.0 180.0   5.0 450.0                            LAT/LON1/LON2/DLON/H
  714  751  779  784  772  769  798  854  907  931  927  922  933  957  975  974
  961  952  956  963  952  910  844  773  709  642  560  467  392  369  399  451
  480  466  419  361  308  267  240  232  239  249  251  247  239  230  215  196
  178  170  168  169  174  190  220  257  289  312  334  362  396  435  483  539
  594  632  644  639  634  640  657  682  714
