TEC/CODG1400.04I
     1.0            IONOSPHERE MAPS     GNSS                IONEX VERSION / TYPE
ADDNEQ2 V5.1        AIUB                23-MAY-04 23:37     PGM / RUN BY / DATE 
CODE'S GLOBAL IONOSPHERE MAPS FOR DAY 140, 2004             COMMENT             
Global ionosphere maps (GIM) are generated on a daily basis DESCRIPTION         
at CODE using data from about 150 GPS sites of the IGS and  DESCRIPTION         
other institutions. The vertical total electron content     DESCRIPTION         
(VTEC) is modeled in a solar-geomagnetic reference frame    DESCRIPTION         
using a spherical harmonics expansion up to degree and      DESCRIPTION         
order 15. Piece-wise linear functions are used for          DESCRIPTION         
representation in the time domain. The time spacing of      DESCRIPTION         
their vertices is 2 hours, conforming with the epochs of    DESCRIPTION         
the VTEC maps. Instrumental biases, so-called differential  DESCRIPTION         
P1-P2 code biases (DCB), for all GPS satellites and ground  DESCRIPTION         
stations are estimated as constant values for each day,     DESCRIPTION         
simultaneously with the 13 times 256, or 3328 parameters    DESCRIPTION         
used to represent the global VTEC distribution. The DCB     DESCRIPTION         
datum is defined by a zero-mean condition imposed on the    DESCRIPTION         
satellite bias estimates. P1-C1 bias corrections are taken  DESCRIPTION         
into account if needed. To convert line-of-sight TEC into   DESCRIPTION         
vertical TEC, a modified single-layer model mapping         DESCRIPTION         
function approximating the JPL extended slab model mapping  DESCRIPTION         
function is adopted. The mapping function is evaluated at   DESCRIPTION         
geodetic satellite elevation angles. For the computation of DESCRIPTION         
the ionospheric pierce points, a spherical layer with a     DESCRIPTION         
radius of 6821 km is assumed, implying geocentric, not      DESCRIPTION         
geodetic IONEX latitudes.                                   DESCRIPTION         
Note: These GIM results correspond to the results for the   DESCRIPTION         
middle day of a 3-day combination analysis solving for 37   DESCRIPTION         
times 256, or 9472 VTEC parameters and one common set of    DESCRIPTION         
satellite and 24-hour receiver DCB constants.               DESCRIPTION         
Contact address: stefan.schaer or igsauto @aiub.unibe.ch    DESCRIPTION         
Web site:        http://www.aiub.unibe.ch/ionosphere/       DESCRIPTION         
Data archive:    ftp://ftp.unibe.ch/aiub/CODE/              DESCRIPTION         
                 http://www.aiub.unibe.ch/download/CODE/    DESCRIPTION         
  2004     5    19     0     0     0                        EPOCH OF FIRST MAP  
  2004     5    20     0     0     0                        EPOCH OF LAST MAP   
  7200                                                      INTERVAL            
    13                                                      # OF MAPS IN FILE   
  NONE                                                      MAPPING FUNCTION    
    10.0                                                    ELEVATION CUTOFF    
One-way carrier phase leveled to code                       OBSERVABLES USED    
[...]
 622  642  583  640  657  602  510  482  514  531  581  631 COMMENT             
 645                                                        COMMENT             
List of stations:                                           COMMENT             
albh algo alic alrt amc2 amun artu asc1 aspa auck bahr bako COMMENT             
bili bjfs bogt bor1 braz brmu brst brus cagl cas1 cedu chat COMMENT             
chpi chur coco conz crar cro1 daej daka darr darw dav1 davr COMMENT             
drao dubo dwh1 ebre fair flin fort glsv gode godz gold gope COMMENT             
goug gras graz guam guat hers hert hob2 hofn holb holm hrao COMMENT             
ieng iisc invk irkj irkt ispa jab1 joz2 joze karr kerg kgn0 COMMENT             
kir0 kiru kit3 kodk kour kstu kunm lae1 lama lhas lhaz lpal COMMENT             
lpgs mac1 madr mag0 mali manz mas1 mat1 mate maui maw1 mbar COMMENT             
mcm4 mdo1 mdvj medi mets metz mkea monp morp mtka nano nlib COMMENT             
not1 noum novj npld nrc1 nril nssp ntus nya1 obe2 obet onsa COMMENT             
opmt pado pdel pert petp pie1 pimo pol2 pots prds ptbb qaq1 COMMENT             
quin rabt ramo reso reun reyk reyz riog sant sch2 scub sele COMMENT             
sey1 sfer spt0 stjo str2 suwn syog thti thu2 thu3 tidb tixi COMMENT             
tlse tow2 tro1 tskb twtf uclu unb1 unsa usn1 usno usud vesl COMMENT             
vill wes2 whit wsrt wtza wtzj wtzr wtzz wuhn yakt yar2 yarr COMMENT             
yell ykro yssk zimj zimm zimz zwen                          COMMENT             
                                                            END OF HEADER       
[from data line 858]
     3                                                      START OF TEC MAP    
  2004     5    19     4     0     0                        EPOCH OF CURRENT MAP
    87.5-180.0 180.0   5.0 450.0                            LAT/LON1/LON2/DLON/H
  164  165  166  166  167  168  169  169  170  171  171  172  172  173  173  174
  174  174  174  174  174  174  174  174  173  173  173  172  172  171  170  170
  169  168  167  167  166  165  164  164  163  162  161  161  160  160  159  158
  158  158  157  157  157  157  157  157  157  157  157  157  157  158  158  159
  159  160  160  161  161  162  163  163  164
    85.0-180.0 180.0   5.0 450.0                            LAT/LON1/LON2/DLON/H
  161  162  163  165  166  167  168  170  171  172  173  174  175  176  177  178
  178  178  178  178  178  178  177  177  176  175  174  173  172  171  170  168
  167  166  165  164  162  161  160  159  157  156  155  154  152  151  150  150
  149  148  148  148  148  148  148  148  148  149  149  150  150  151  152  152
  153  154  155  156  157  158  159  160  161
    82.5-180.0 180.0   5.0 450.0                            LAT/LON1/LON2/DLON/H
  158  159  161  162  163  165  166  168  169  171  172  174  175  176  177  178
  178  178  178  178  177  176  175  173  172  170  169  167  166  164  163  162
  160  159  158  157  156  155  153  152  150  149  147  146  145  143  142  142
  141  141  141  141  141  141  142  143  143  144  145  146  147  148  149  150
  151  152  153  153  154  155  156  157  158
    80.0-180.0 180.0   5.0 450.0                            LAT/LON1/LON2/DLON/H
  157  158  159  160  161  162  163  165  166  167  169  170  172  173  174  174
  175  175  174  173  172  170  168  165  162  160  157  155  153  152  151  150
  149  149  149  148  148  147  146  145  143  142  141  139  138  137  136  136
  136  136  137  138  139  140  141  142  143  145  146  147  149  150  151  152
  153  153  154  154  155  155  156  156  157
    77.5-180.0 180.0   5.0 450.0                            LAT/LON1/LON2/DLON/H
  157  158  158  159  159  160  161  162  163  164  164  165  167  168  168  169
  169  169  168  167  164  161  158  154  150  146  142  139  137  136  135  135
  136  137  138  139  139  139  139  139  138  137  135  134  134  133  133  134
  135  136  138  139  141  143  144  146  147  149  150  152  153  155  156  157
  157  158  158  158  157  157  157  157  157
    75.0-180.0 180.0   5.0 450.0                            LAT/LON1/LON2/DLON/H
  158  158  159  159  159  160  160  160  160  160  160  161  161  162  162  163
  163  163  162  160  157  153  148  143  137  132  127  123  120  119  119  120
  122  125  128  130  132  134  134  134  134  133  132  132  132  133  134  136
  138  140  143  145  147  149  150  152  153  154  156  157  159  160  161  162
  162  162  162  161  161  160  159  159  158
    72.5-180.0 180.0   5.0 450.0                            LAT/LON1/LON2/DLON/H
  159  159  160  160  160  161  160  160  159  158  157  157  156  157  157  157
  157  157  156  154  151  146  141  134  127  121  115  110  107  105  106  108
  111  115  119  124  127  130  132  132  133  132  132  133  133  135  138  141
  144  148  151  153  155  157  157  158  158  159  159  160  162  163  164  165
  166  165  165  164  163  161  160  159  159
    70.0-180.0 180.0   5.0 450.0                            LAT/LON1/LON2/DLON/H
  159  159  160  160  161  161  161  160  159  157  156  154  153  153  152  152
  153  152  152  150  147  142  136  129  122  114  107  101   97   96   96   98
  102  108  113  119  124  128  131  133  134  134  135  136  138  141  144  149
  153  157  160  163  164  164  163  162  161  160  160  160  161  162  164  165
  166  166  165  164  163  161  160  159  159
    67.5-180.0 180.0   5.0 450.0                            LAT/LON1/LON2/DLON/H
  157  158  158  159  160  160  160  159  158  156  154  152  151  150  149  149
  148  148  148  146  144  140  134  128  120  112  104   97   93   90   90   92
   96  102  108  115  122  127  132  135  137  139  141  143  145  149  153  158
  163  167  170  171  171  170  167  164  161  159  157  157  157  159  161  162
  164  164  164  163  161  160  159  158  157
    65.0-180.0 180.0   5.0 450.0                            LAT/LON1/LON2/DLON/H
  156  156  156  156  157  157  157  157  156  154  153  151  149  148  147  145
  145  144  143  142  140  137  133  127  120  112  104   96   91   87   86   87
   91   97  104  111  119  127  133  138  143  146  149  152  155  159  164  168
  173  176  178  178  177  174  170  165  161  157  154  153  153  154  156  159
  160  162  162  162  161  160  158  157  156
    62.5-180.0 180.0   5.0 450.0                            LAT/LON1/LON2/DLON/H
  157  156  154  153  153  152  152  151  151  150  150  149  148  146  144  142
  140  139  137  136  135  133  130  126  119  112  104   96   89   85   82   83
   85   90   98  106  116  125  135  143  149  155  159  163  167  171  175  178
  182  184  185  184  182  178  174  168  163  158  154  152  151  152  154  157
  159  161  162  163  163  162  161  159  157
    60.0-180.0 180.0   5.0 450.0                            LAT/LON1/LON2/DLON/H
  162  159  155  152  149  147  145  145  145  145  145  146  145  144  142  139
  136  132  130  128  127  127  125  122  117  110  102   94   86   81   77   77
   79   83   91  100  111  124  136  147  156  164  170  175  179  182  186  188
  190  191  191  190  188  185  181  176  170  165  160  157  155  155  156  158
  161  164  166  168  169  169  168  166  162
    57.5-180.0 180.0   5.0 450.0                            LAT/LON1/LON2/DLON/H
  173  167  161  154  148  144  140  139  138  139  140  141  142  141  139  135
  131  126  121  119  118  118  117  115  111  105   97   89   82   76   72   70
   72   76   83   94  107  122  137  151  163  173  181  187  191  194  196  198
  198  198  198  197  197  195  193  189  184  179  173  168  165  164  164  165
  167  170  173  176  179  180  179  177  173
    55.0-180.0 180.0   5.0 450.0                            LAT/LON1/LON2/DLON/H
  187  180  171  162  153  146  140  137  135  135  136  137  139  138  136  132
  126  119  114  110  108  108  109  108  104   99   92   84   77   71   68   66
   67   71   78   89  104  120  137  154  169  181  190  197  202  205  206  207
  207  207  207  208  210  210  210  208  204  198  191  185  180  176  175  175
  176  178  182  186  190  193  194  192  187
    52.5-180.0 180.0   5.0 450.0                            LAT/LON1/LON2/DLON/H
  204  196  187  176  165  156  147  141  137  135  135  135  136  136  133  129
  122  115  108  103  101  101  102  101   98   93   87   81   75   70   67   65
   66   70   77   88  103  119  137  155  172  186  197  205  210  214  216  217
  218  219  220  223  226  229  231  229  225  218  210  202  195  190  187  186
  186  187  191  196  201  206  209  208  204
    50.0-180.0 180.0   5.0 450.0                            LAT/LON1/LON2/DLON/H
  219  213  204  194  184  173  163  154  146  141  138  136  135  134  132  127
  121  113  106  100   98   97   98   98   96   92   87   82   78   75   72   71
   72   75   82   92  105  120  138  156  172  187  199  209  216  221  225  228
  231  233  237  241  245  249  251  249  243  235  225  216  208  202  198  195
  194  194  197  202  209  215  220  221  219
    47.5-180.0 180.0   5.0 450.0                            LAT/LON1/LON2/DLON/H
  230  227  221  214  205  195  184  173  163  154  147  142  138  135  131  127
  121  114  107  102   99   98   99   99   98   95   92   90   88   86   85   84
   84   86   91   99  110  123  138  154  170  185  198  209  218  226  233  239
  244  250  255  260  265  268  268  264  256  245  233  223  215  209  205  202
  200  199  201  205  212  219  226  230  230
    45.0-180.0 180.0   5.0 450.0                            LAT/LON1/LON2/DLON/H
  237  237  236  232  227  219  208  196  183  171  160  151  144  138  133  128
  123  117  111  107  104  104  105  105  105  104  104  104  105  104  103  102
  102  103  106  111  118  127  139  152  167  181  194  206  218  228  239  249
  258  266  273  278  282  283  280  272  260  247  235  224  217  212  209  207
  204  202  203  206  212  220  228  234  237
    42.5-180.0 180.0   5.0 450.0                            LAT/LON1/LON2/DLON/H
  242  245  246  247  245  240  231  218  204  190  176  164  153  144  137  131
  126  122  117  114  112  113  114  115  116  118  120  123  126  127  126  123
  122  121  121  123  126  132  139  150  162  176  189  202  215  229  243  257
  270  280  288  293  295  293  286  275  260  245  232  223  217  215  213  212
  210  208  207  209  214  221  230  237  242
    40.0-180.0 180.0   5.0 450.0                            LAT/LON1/LON2/DLON/H
  249  252  255  257  258  255  247  235  221  207  192  178  165  152  142  135
  130  126  123  121  121  122  124  126  129  133  138  144  148  149  147  144
  141  138  137  135  135  136  140  147  158  171  184  197  212  227  244  261
  277  290  299  303  303  299  289  276  260  245  233  225  221  221  222  222
  221  219  217  218  222  229  237  244  249
    37.5-180.0 180.0   5.0 450.0                            LAT/LON1/LON2/DLON/H
  265  266  266  267  268  264  257  245  232  219  206  192  177  162  149  139
  133  129  128  128  129  131  134  137  142  148  155  162  167  167  165  160
  155  152  149  145  142  139  140  146  155  167  180  193  208  224  243  262
  280  295  304  308  308  303  293  281  267  254  244  238  236  236  238  239
  239  238  237  238  241  248  255  261  265
    35.0-180.0 180.0   5.0 450.0                            LAT/LON1/LON2/DLON/H
  294  290  285  281  277  271  261  248  236  225  215  204  189  173  157  145
  137  133  132  134  136  140  143  147  153  161  169  176  180  180  175  170
  164  160  156  151  146  142  140  144  153  164  177  190  204  220  239  259
  278  293  304  309  311  308  303  295  286  277  271  266  264  264  264  265
  266  267  268  270  274  281  289  293  294
    32.5-180.0 180.0   5.0 450.0                            LAT/LON1/LON2/DLON/H
  338  328  315  302  291  279  264  249  237  228  222  214  201  185  167  152
  142  137  136  139  143  148  152  157  164  172  180  186  187  185  179  173
  167  163  159  154  147  142  140  143  151  162  175  187  200  215  233  253
  272  288  300  308  314  317  319  320  319  316  314  310  307  303  300  299
  300  302  306  311  318  328  336  341  338
    30.0-180.0 180.0   5.0 450.0                            LAT/LON1/LON2/DLON/H
  396  380  358  335  314  294  274  255  240  232  228  223  213  198  179  162
  150  143  142  145  151  156  162  168  175  183  189  192  190  184  177  171
  166  162  158  152  145  139  137  139  148  159  172  185  197  211  227  245
  264  280  294  306  319  331  344  354  362  367  367  364  358  350  342  337
  337  341  348  357  368  381  394  400  396
    27.5-180.0 180.0   5.0 450.0                            LAT/LON1/LON2/DLON/H
  459  439  410  378  348  321  295  270  252  241  237  234  226  212  194  176
  162  154  152  155  161  167  174  181  189  195  198  197  190  181  172  165
  161  157  153  147  140  133  131  134  142  155  169  182  194  207  222  238
  256  273  289  307  327  349  372  393  409  419  422  419  409  396  382  373
  372  377  387  400  416  434  452  462  459
    25.0-180.0 180.0   5.0 450.0                            LAT/LON1/LON2/DLON/H
  517  498  465  427  391  359  329  300  276  261  253  249  241  229  212  194
  179  169  166  168  174  182  189  197  205  210  209  202  190  177  166  159
  154  150  145  138  131  124  122  125  134  148  164  179  192  204  218  233
  250  268  287  310  337  368  399  427  448  462  467  463  451  434  416  404
  401  406  419  434  453  477  500  517  517
    22.5-180.0 180.0   5.0 450.0                            LAT/LON1/LON2/DLON/H
  561  546  513  474  438  406  375  344  315  292  278  268  259  248  232  216
  200  189  184  185  191  198  207  215  223  226  222  209  191  174  161  152
  147  141  134  126  118  112  110  113  123  139  158  176  190  203  216  231
  249  267  289  315  348  384  419  450  472  486  491  488  476  459  440  426
  421  427  439  455  476  501  530  554  561
    20.0-180.0 180.0   5.0 450.0                            LAT/LON1/LON2/DLON/H
  583  574  547  512  480  453  427  396  364  333  309  292  279  267  254  239
  224  212  206  205  210  217  225  234  241  242  234  216  193  172  155  145
  137  130  121  112  104   98   97  100  111  129  151  172  189  203  217  232
  250  271  294  323  357  394  429  456  475  486  491  490  482  469  452  439
  435  440  450  464  482  507  538  568  583
    17.5-180.0 180.0   5.0 450.0                            LAT/LON1/LON2/DLON/H
  580  579  559  532  509  492  474  449  415  378  344  318  300  286  275  262
  248  235  228  226  229  234  241  249  256  255  243  221  194  168  149  136
  125  115  105   96   89   85   84   88  100  120  144  169  188  204  218  235
  255  277  301  330  363  397  427  447  459  465  469  472  472  466  457  448
  445  448  456  464  476  495  526  559  580
    15.0-180.0 180.0   5.0 450.0                            LAT/LON1/LON2/DLON/H
  557  563  550  532  519  515  509  492  460  419  377  342  317  302  292  281
  268  256  248  244  245  248  253  259  263  259  245  220  190  162  140  123
  111   99   89   81   76   73   73   78   90  112  139  165  187  203  220  239
  261  285  309  337  367  395  416  426  429  431  435  444  453  458  458  456
  455  457  461  462  464  476  500  532  557
    12.5-180.0 180.0   5.0 450.0                            LAT/LON1/LON2/DLON/H
  524  533  525  514  511  518  525  518  491  448  400  358  329  312  302  294
  283  271  263  258  257  257  258  260  260  253  236  210  179  150  126  108
   94   83   74   69   66   66   67   72   85  106  134  162  184  202  220  241
  266  292  317  342  368  390  402  404  399  397  403  418  437  453  462  466
  468  470  469  463  456  457  473  499  524
    10.0-180.0 180.0   5.0 450.0                            LAT/LON1/LON2/DLON/H
  492  500  495  487  489  504  520  523  502  460  410  365  333  315  305  298
  288  278  271  266  263  260  256  253  247  236  217  191  162  134  110   91
   78   69   64   62   63   65   67   71   82  103  130  158  180  198  217  242
  270  298  323  347  369  386  392  388  379  375  384  405  431  455  471  480
  485  487  483  472  457  447  453  472  492
     7.5-180.0 180.0   5.0 450.0                            LAT/LON1/LON2/DLON/H
  473  477  470  461  463  480  501  509  493  455  406  361  328  310  301  294
  285  277  271  267  263  257  248  238  226  210  190  166  140  115   93   76
   66   61   61   64   68   71   72   74   82  100  126  152  174  192  213  241
  271  301  326  349  370  385  390  385  377  376  388  411  440  467  485  496
  502  503  499  486  467  451  448  459  473
     5.0-180.0 180.0   5.0 450.0                            LAT/LON1/LON2/DLON/H
  472  472  460  446  444  456  475  483  469  435  390  348  317  299  289  282
  274  268  264  262  258  249  236  219  200  180  159  137  116   96   79   67
   61   61   67   74   80   82   81   79   83   98  121  145  166  185  208  238
  271  301  327  351  373  389  397  397  394  399  414  438  463  485  500  509
  513  514  512  501  483  466  459  464  472
     2.5-180.0 180.0   5.0 450.0                            LAT/LON1/LON2/DLON/H
  489  485  469  450  439  442  452  454  440  408  367  329  302  285  275  266
  258  253  252  252  249  239  222  200  175  151  129  112   97   84   72   66
   65   72   81   90   96   96   91   84   83   94  114  137  158  178  203  234
  268  299  326  350  375  397  411  419  426  438  455  475  493  504  509  511
  511  513  513  509  498  486  481  484  489
