TEC/CODG3250.12I
     1.0            IONOSPHERE MAPS     GNSS                IONEX VERSION / TYPE
ADDNEQ2 V5.3        AIUB                24-NOV-12 20:55     PGM / RUN BY / DATE 
CODE'S GLOBAL IONOSPHERE MAPS FOR DAY 325, 2012             COMMENT             
Global ionosphere maps (GIM) are generated on a daily basis DESCRIPTION         
at CODE using data from about 150 GPS sites of the IGS and  DESCRIPTION         
other institutions. The vertical total electron content     DESCRIPTION         
(VTEC) is modeled in a solar-geomagnetic reference frame    DESCRIPTION         
using a spherical harmonics expansion up to degree and      DESCRIPTION         
order 15. Piece-wise linear functions are used for          DESCRIPTION         
representation in the time domain. The time spacing of      DESCRIPTION         
their vertices is 2 hours, conforming with the epochs of    DESCRIPTION         
the VTEC maps. Instrumental biases, so-called differential  DESCRIPTION         
P1-P2 code biases (DCB), for all GPS satellites and ground  DESCRIPTION         
stations are estimated as constant values for each day,     DESCRIPTION         
simultaneously with the 13 times 256, or 3328 parameters    DESCRIPTION         
used to represent the global VTEC distribution. The DCB     DESCRIPTION         
datum is defined by a zero-mean condition imposed on the    DESCRIPTION         
satellite bias estimates. P1-C1 bias corrections are taken  DESCRIPTION         
into account if needed. To convert line-of-sight TEC into   DESCRIPTION         
vertical TEC, a modified single-layer model mapping         DESCRIPTION         
function approximating the JPL extended slab model mapping  DESCRIPTION         
function is adopted. The mapping function is evaluated at   DESCRIPTION         
geodetic satellite elevation angles. For the computation of DESCRIPTION         
the ionospheric pierce points, a spherical layer with a     DESCRIPTION         
radius of 6821 km is assumed, implying geocentric, not      DESCRIPTION         
geodetic IONEX latitudes.                                   DESCRIPTION         
Note: These GIM results correspond to the results for the   DESCRIPTION         
middle day of a 3-day combination analysis solving for 37   DESCRIPTION         
times 256, or 9472 VTEC parameters and one common set of    DESCRIPTION         
satellite and 24-hour receiver DCB constants.               DESCRIPTION         
Contact address: stefan.schaer or code @aiub.unibe.ch       DESCRIPTION         
Web page:        www.aiub.unibe.ch/content/ionosphere/      DESCRIPTION         
Data archive:    ftp.unibe.ch/aiub/CODE/                    DESCRIPTION         
                 www.aiub.unibe.ch/download/CODE/           DESCRIPTION         
  2012    11    20     0     0     0                        EPOCH OF FIRST MAP  
  2012    11    21     0     0     0                        EPOCH OF LAST MAP   
  7200                                                      INTERVAL            
    13                                                      # OF MAPS IN FILE   
  NONE                                                      MAPPING FUNCTION    
    10.0                                                    ELEVATION CUTOFF    
One-way carrier phase leveled to code                       OBSERVABLES USED    
[...]
cpxf crar cro1 daej darw dav1 dgar dgav dhlg drao dubo ebre COMMENT             
etad etdd fair faiv fale flin flrs frdn func ganp glps glsv COMMENT             
gmsd gold gope gras graz guam guat guug harb harv hers hert COMMENT             
hnpt hob2 hofn hofs holb holm hrao iddr iisc ilha ineg invk COMMENT             
iqui irkj irkt isba joz2 joze karr kat1 kely kerg khar kiru COMMENT             
kit3 kokb kokv kouc lama lck2 lcki lhaz lmmf lpal lpgs m0se COMMENT             
mac1 mag0 mal2 mana mas1 mat1 mate maui maw1 mbar mccj mcm4 COMMENT             
mdo1 mdvj medi mets mizu mkea mnls mobj mobk mobs monp morp COMMENT             
mqzg nano nico nist nklg nlib not1 novm nrc1 nril nrmd ntus COMMENT             
nurk nya1 ohi2 ohi3 onsa opmt pado palv park pbr2 pbri pdel COMMENT             
penc pert pfa2 pimo pol2 pots pove prds ptag ptbb qaq1 quin COMMENT             
rabt ramo rcmn recf reso reun reyk rio2 riop rosa roth salu COMMENT             
sant savo sch2 scor sele sey1 sfer shao smst sofi spt0 ssia COMMENT             
sthl stjo stk2 str2 suth sutv suwn sydn syog tabv tah1 tah2 COMMENT             
tash thti thu2 thu3 tid1 tidb tixg tixi tlse tn22 tow2 tro1 COMMENT             
tsea tskb twtf txes uclu ufpr ulab unb3 unbj unbn unbt unsa COMMENT             
untr urum urus usn3 usno usud vaco vald vesl vill vtsp wab1 COMMENT             
wab2 wes2 wgtn whit will wind wsrt wtza wtzr wtzs wtzz wuhn COMMENT             
xmis yakt yar2 yar3 yarr ycba yell yssk zamb zeck zim2 zimm COMMENT             
                                                            END OF HEADER       
[from data line 858]
     3                                                      START OF TEC MAP    
  2012    11    20     4     0     0                        EPOCH OF CURRENT MAP
    87.5-180.0 180.0   5.0 450.0                            LAT/LON1/LON2/DLON/H
   82   80   79   78   77   76   75   74   74   73   73   72   72   72   71   71
   71   71   71   71   71   71   71   72   72   72   72   72   73   73   73   74
   74   75   76   76   77   77   78   79   80   80   81   82   83   84   84   85
   86   87   87   88   89   89   90   90   91   91   91   92   91   91   91   91
   90   89   88   88   86   85   84   83   82
    85.0-180.0 180.0   5.0 450.0                            LAT/LON1/LON2/DLON/H
   83   79   76   73   71   69   67   66   65   64   64   64   65   65   66   67
   67   67   68   68   68   68   67   67   67   66   66   66   66   67   67   68
   68   69   70   71   73   74   75   76   77   78   79   80   81   82   84   85
   86   88   89   91   93   95   97   99  100  102  103  104  105  106  105  105
  104  103  101   98   96   93   89   86   83
    82.5-180.0 180.0   5.0 450.0                            LAT/LON1/LON2/DLON/H
   85   79   73   68   63   60   57   56   56   56   58   60   62   64   67   69
   70   71   72   72   71   70   68   67   65   63   62   61   61   61   61   62
   63   64   66   68   69   71   72   73   74   75   75   76   76   77   78   79
   80   82   85   87   91   94   98  102  106  110  114  117  120  122  123  124
  123  121  118  115  110  104   98   92   85
    80.0-180.0 180.0   5.0 450.0                            LAT/LON1/LON2/DLON/H
   93   83   73   64   57   52   49   48   48   51   54   59   64   69   74   78
   81   82   83   82   80   77   73   69   66   62   59   57   56   56   56   58
   60   62   64   67   69   70   71   72   72   71   70   69   68   68   68   68
   69   71   74   78   83   89   95  102  109  116  123  129  135  140  143  145
  146  145  141  137  130  122  113  103   93
    77.5-180.0 180.0   5.0 450.0                            LAT/LON1/LON2/DLON/H
  106   92   78   66   56   49   45   43   45   49   55   63   70   78   85   91
   95   96   96   94   91   86   80   74   68   63   58   55   54   54   55   57
   60   63   67   69   72   73   73   72   71   68   65   62   59   57   56   55
   56   58   62   67   74   82   91  101  111  121  131  141  150  157  163  168
  170  170  168  163  155  145  133  120  106
    75.0-180.0 180.0   5.0 450.0                            LAT/LON1/LON2/DLON/H
  124  106   89   73   61   51   46   44   47   52   60   69   79   88   96  102
  107  108  108  105  100   93   86   78   71   65   60   57   55   56   58   61
   65   69   72   75   77   77   76   73   70   65   60   55   51   47   45   44
   45   48   53   60   69   79   90  103  115  128  141  152  163  173  181  188
  192  194  193  189  181  171  157  142  124
    72.5-180.0 180.0   5.0 450.0                            LAT/LON1/LON2/DLON/H
  145  124  104   86   70   59   52   50   53   58   66   76   85   94  102  108
  112  113  112  109  103   96   89   81   74   68   64   62   61   63   65   69
   73   76   79   81   81   80   77   73   67   61   55   48   43   39   37   37
   40   45   52   61   71   84   97  111  125  139  152  165  176  186  195  202
  208  211  212  210  204  194  181  164  145
    70.0-180.0 180.0   5.0 450.0                            LAT/LON1/LON2/DLON/H
  163  142  120  100   83   70   62   60   61   66   73   80   88   95  101  105
  108  108  107  104   99   94   87   81   76   72   70   69   70   72   75   78
   81   83   84   84   82   79   75   69   62   55   49   43   38   35   35   37
   42   49   59   70   83   97  112  127  141  155  167  178  188  197  204  210
  216  220  222  221  218  210  198  182  163
    67.5-180.0 180.0   5.0 450.0                            LAT/LON1/LON2/DLON/H
  175  155  133  112   94   81   73   69   69   72   77   82   86   90   92   94
   95   95   94   92   89   86   83   80   77   76   77   78   80   82   84   85
   85   85   83   81   77   73   67   61   55   48   43   38   36   36   38   44
   52   62   75   88  103  118  134  148  162  175  185  194  200  205  209  212
  215  219  221  222  221  216  207  193  175
    65.0-180.0 180.0   5.0 450.0                            LAT/LON1/LON2/DLON/H
  180  161  140  120  102   89   80   75   74   76   78   79   80   79   79   78
   77   77   77   77   76   76   75   76   77   79   81   84   86   88   88   87
   85   81   76   71   66   61   56   51   46   42   38   36   36   39   45   55
   66   80   95  111  127  143  158  173  186  196  205  210  213  213  212  211
  210  211  213  214  215  213  206  195  180
    62.5-180.0 180.0   5.0 450.0                            LAT/LON1/LON2/DLON/H
  178  162  143  123  106   92   82   77   75   74   74   73   70   67   65   62
   62   62   62   63   64   65   67   70   73   77   82   86   88   89   87   83
   77   71   64   57   52   48   44   41   39   37   36   36   39   46   55   68
   83   99  117  134  150  166  181  195  207  217  223  226  226  222  216  210
  205  203  202  203  203  203  199  191  178
    60.0-180.0 180.0   5.0 450.0                            LAT/LON1/LON2/DLON/H
  175  161  143  125  107   92   81   74   70   68   67   64   61   57   54   52
   52   52   54   55   56   57   59   62   67   72   77   82   84   83   80   73
   66   57   49   43   38   36   35   36   36   36   37   40   45   53   65   80
   98  117  136  154  170  186  200  213  224  234  240  242  240  234  225  215
  205  198  194  193  193  193  191  185  175
    57.5-180.0 180.0   5.0 450.0                            LAT/LON1/LON2/DLON/H
  175  163  147  128  109   92   78   69   63   60   58   55   52   50   48   48
   49   51   53   53   52   51   51   53   57   62   67   72   74   73   68   61
   53   44   36   32   30   30   33   36   39   41   43   46   52   61   75   92
  111  132  152  170  185  199  212  224  236  246  253  256  254  248  238  225
  213  203  195  191  189  188  187  183  175
    55.0-180.0 180.0   5.0 450.0                            LAT/LON1/LON2/DLON/H
  181  171  157  138  117   96   78   65   57   52   50   48   47   47   48   50
   53   56   57   55   51   46   43   43   45   49   55   59   61   60   57   50
   43   36   30   28   29   33   38   44   48   50   52   55   60   70   84  102
  123  145  165  182  197  210  221  232  243  253  262  268  268  264  255  242
  229  217  206  199  194  192  190  187  181
    52.5-180.0 180.0   5.0 450.0                            LAT/LON1/LON2/DLON/H
  194  186  173  154  131  107   85   67   55   48   45   44   45   47   50   55
   59   62   61   57   50   42   35   32   34   37   42   47   50   50   48   44
   40   35   33   34   37   43   51   57   61   63   64   65   70   80   94  114
  135  157  178  195  208  219  228  237  247  258  268  276  280  278  272  262
  250  237  225  215  208  204  201  199  194
    50.0-180.0 180.0   5.0 450.0                            LAT/LON1/LON2/DLON/H
  210  204  192  174  150  123   97   75   59   50   45   44   46   48   52   57
   62   65   63   57   47   37   29   25   26   30   35   40   44   46   46   46
   44   43   44   47   52   59   67   73   76   77   76   77   81   92  107  128
  150  172  192  209  221  230  237  244  252  261  272  281  287  289  286  279
  269  257  245  234  225  218  215  212  210
    47.5-180.0 180.0   5.0 450.0                            LAT/LON1/LON2/DLON/H
  220  216  207  191  168  141  113   88   70   58   52   50   50   51   53   56
   60   61   59   53   43   33   26   24   26   31   36   41   45   48   51   54
   55   57   60   64   69   76   83   88   90   89   88   89   95  107  124  146
  169  191  210  225  237  244  249  253  257  264  273  281  288  292  292  288
  281  272  261  249  239  230  225  222  220
    45.0-180.0 180.0   5.0 450.0                            LAT/LON1/LON2/DLON/H
  218  215  209  196  177  153  127  103   84   71   63   59   56   54   52   52
   53   54   52   48   41   35   31   32   36   42   47   51   54   57   61   66
   69   73   76   80   84   90   95   99  101  100  100  102  110  125  146  169
  192  213  230  244  254  260  262  263  264  267  271  277  283  287  289  287
  283  276  266  255  244  234  227  222  218
    42.5-180.0 180.0   5.0 450.0                            LAT/LON1/LON2/DLON/H
  203  198  192  183  170  152  132  112   96   85   77   71   65   58   51   47
   46   47   48   48   46   44   46   50   56   62   66   67   68   70   74   78
   82   86   89   91   95   99  103  106  108  109  110  116  128  146  170  195
  217  236  251  263  271  276  276  274  271  269  269  271  273  276  278  278
  275  270  262  252  241  229  218  209  203
    40.0-180.0 180.0   5.0 450.0                            LAT/LON1/LON2/DLON/H
  176  166  159  152  145  135  124  112  102   94   88   82   74   64   54   47
   44   47   52   57   61   65   70   77   84   89   90   87   84   83   84   87
   91   94   95   97   99  102  106  110  114  117  121  130  146  169  195  221
  242  258  270  278  285  289  288  283  277  271  267  264  264  264  265  265
  264  260  254  245  234  220  205  190  176
    37.5-180.0 180.0   5.0 450.0                            LAT/LON1/LON2/DLON/H
  151  133  119  111  107  105  103  100   97   95   93   89   83   73   62   54
   53   58   68   78   87   94  101  108  114  115  112  105   98   92   90   91
   93   95   96   97   98  102  107  113  119  125  132  144  164  190  219  245
  265  277  285  291  296  299  297  292  284  275  268  263  259  258  258  259
  257  254  250  242  232  216  196  174  151
    35.0-180.0 180.0   5.0 450.0                            LAT/LON1/LON2/DLON/H
  144  113   89   75   70   71   76   80   84   87   89   90   88   82   75   70
   72   81   94  108  119  127  132  136  138  136  128  118  106   98   92   91
   92   93   94   95   97  101  108  117  125  133  143  158  180  208  239  265
  283  293  297  301  305  307  306  301  293  285  277  271  267  266  267  268
  267  265  262  256  246  230  206  176  144
    32.5-180.0 180.0   5.0 450.0                            LAT/LON1/LON2/DLON/H
  170  127   90   63   51   49   54   61   67   73   79   84   89   90   89   90
   96  109  125  140  150  154  155  154  150  144  135  123  110   99   92   89
   89   91   92   94   97  103  112  122  132  142  153  169  192  222  253  280
  298  306  309  312  315  319  319  316  310  303  297  293  292  293  296  299
  301  300  298  295  287  272  246  211  170
    30.0-180.0 180.0   5.0 450.0                            LAT/LON1/LON2/DLON/H
  241  188  136   94   68   55   53   54   56   59   65   74   84   93  100  107
  118  133  150  164  170  169  163  156  148  141  132  122  111  101   93   90
   90   92   95   97  101  107  117  128  139  148  160  176  199  229  262  290
  309  319  324  328  333  338  341  340  338  335  333  333  336  342  350  357
  361  362  363  362  357  345  322  287  241
    27.5-180.0 180.0   5.0 450.0                            LAT/LON1/LON2/DLON/H
  357  299  236  177  132  102   84   71   61   55   55   64   77   91  103  115
  129  144  159  169  170  164  153  142  134  128  124  120  114  107  100   97
   97  100  103  105  108  114  122  132  141  151  162  178  202  232  266  297
  320  334  344  352  361  369  374  377  379  381  384  390  398  410  423  435
  443  447  450  452  451  445  430  402  357
    25.0-180.0 180.0   5.0 450.0                            LAT/LON1/LON2/DLON/H
  507  452  381  308  244  193  153  119   91   70   60   62   73   86   99  111
  123  135  146  152  150  141  130  119  114  114  118  123  124  121  115  111
  111  114  116  117  117  120  125  131  138  146  158  176  201  233  268  302
  331  353  370  385  399  411  419  426  433  440  448  458  472  489  508  524
  536  544  549  553  557  558  555  540  507
    22.5-180.0 180.0   5.0 450.0                            LAT/LON1/LON2/DLON/H
  666  622  554  472  392  320  257  200  150  111   88   78   79   85   92   98
  104  110  115  118  116  110  103   98  100  109  122  136  145  145  139  133
  131  132  132  129  125  122  122  124  127  135  149  170  199  233  270  308
  343  373  400  424  444  460  473  483  494  505  517  531  548  569  591  611
  626  636  644  649  655  665  676  681  666
    20.0-180.0 180.0   5.0 450.0                            LAT/LON1/LON2/DLON/H
  806  781  723  642  553  466  383  305  235  180  142  118  105   97   90   85
   81   79   79   80   81   83   86   92  103  121  143  165  177  178  169  160
  154  151  147  139  128  119  112  109  110  119  136  163  197  235  274  315
  355  394  430  462  489  510  526  540  555  569  583  598  617  639  662  683
  699  711  718  723  730  746  772  797  806
    17.5-180.0 180.0   5.0 450.0                            LAT/LON1/LON2/DLON/H
  901  899  858  786  699  606  511  418  336  270  221  185  154  128  105   86
   70   59   54   55   63   77   93  111  131  155  182  206  219  216  202  185
  174  166  157  143  126  110   98   91   90  100  123  157  197  239  280  323
  367  412  455  495  527  553  572  589  606  622  636  651  669  690  711  730
  746  757  763  765  770  788  824  869  901
    15.0-180.0 180.0   5.0 450.0                            LAT/LON1/LON2/DLON/H
  936  956  935  880  805  717  620  523  438  370  317  272  228  184  144  111
   86   68   59   62   78  102  131  159  185  210  235  255  262  252  229  205
  187  175  162  142  120   99   82   72   71   84  113  154  201  246  288  330
  375  423  471  515  552  580  602  622  640  657  672  685  701  718  735  750
  762  771  775  773  771  786  827  885  936
    12.5-180.0 180.0   5.0 450.0                            LAT/LON1/LON2/DLON/H
  910  945  944  911  856  782  694  603  523  463  417  370  317  261  209  169
  138  116  106  110  130  163  200  233  258  277  293  303  300  280  248  216
  192  176  159  137  111   87   69   58   58   73  107  155  207  255  296  336
  379  426  475  521  560  589  613  635  656  674  688  700  712  726  738  746
  754  760  761  753  743  750  787  848  910
    10.0-180.0 180.0   5.0 450.0                            LAT/LON1/LON2/DLON/H
  838  879  893  882  850  797  724  646  581  536  503  463  409  349  294  254
  225  205  193  197  217  251  289  319  336  344  345  340  324  294  253  215
  188  171  153  131  104   80   62   52   53   71  108  160  215  264  304  341
  380  424  471  515  552  582  607  631  654  673  687  698  710  720  726  729
  731  735  733  720  702  697  724  778  838
     7.5-180.0 180.0   5.0 450.0                            LAT/LON1/LON2/DLON/H
  747  783  804  810  801  770  715  652  603  578  562  534  487  431  384  353
  333  318  307  307  321  349  378  399  405  396  381  360  331  292  246  205
  178  161  146  126  102   79   63   55   57   77  115  168  224  273  312  346
  381  420  462  502  536  565  590  616  641  661  676  689  700  709  711  709
  707  708  706  691  666  650  661  699  747
     5.0-180.0 180.0   5.0 450.0                            LAT/LON1/LON2/DLON/H
  667  690  708  725  734  720  680  629  594  585  585  571  535  491  459  445
  440  433  423  415  418  432  449  456  447  424  393  358  320  275  229  189
  164  151  140  125  104   85   71   65   69   89  126  177  232  280  320  352
  384  418  453  487  517  544  570  597  624  647  664  679  693  702  703  697
  692  693  693  679  652  627  622  640  667
     2.5-180.0 180.0   5.0 450.0                            LAT/LON1/LON2/DLON/H
  623  626  636  655  674  671  638  593  564  563  572  568  543  514  501  507
  520  522  511  495  484  482  483  477  457  423  382  339  296  251  207  171
  150  142  138  128  112   95   84   80   85  104  139  186  238  286  327  361
  391  420  450  478  504  527  553  582  611  637  657  675  692  704  705  698
  693  696  699  691  668  640  624  621  623
