TEC/CODG3260.12I
     1.0            IONOSPHERE MAPS     GNSS                IONEX VERSION / TYPE
ADDNEQ2 V5.3        AIUB                25-NOV-12 21:22     PGM / RUN BY / DATE 
CODE'S GLOBAL IONOSPHERE MAPS FOR DAY 326, 2012             COMMENT             
Global ionosphere maps (GIM) are generated on a daily basis DESCRIPTION         
at CODE using data from about 150 GPS sites of the IGS and  DESCRIPTION         
other institutions. The vertical total electron content     DESCRIPTION         
(VTEC) is modeled in a solar-geomagnetic reference frame    DESCRIPTION         
using a spherical harmonics expansion up to degree and      DESCRIPTION         
order 15. Piece-wise linear functions are used for          DESCRIPTION         
representation in the time domain. The time spacing of      DESCRIPTION         
their vertices is 2 hours, conforming with the epochs of    DESCRIPTION         
the VTEC maps. Instrumental biases, so-called differential  DESCRIPTION         
P1-P2 code biases (DCB), for all GPS satellites and ground  DESCRIPTION         
stations are estimated as constant values for each day,     DESCRIPTION         
simultaneously with the 13 times 256, or 3328 parameters    DESCRIPTION         
used to represent the global VTEC distribution. The DCB     DESCRIPTION         
datum is defined by a zero-mean condition imposed on the    DESCRIPTION         
satellite bias estimates. P1-C1 bias corrections are taken  DESCRIPTION         
into account if needed. To convert line-of-sight TEC into   DESCRIPTION         
vertical TEC, a modified single-layer model mapping         DESCRIPTION         
function approximating the JPL extended slab model mapping  DESCRIPTION         
function is adopted. The mapping function is evaluated at   DESCRIPTION         
geodetic satellite elevation angles. For the computation of DESCRIPTION         
the ionospheric pierce points, a spherical layer with a     DESCRIPTION         
radius of 6821 km is assumed, implying geocentric, not      DESCRIPTION         
geodetic IONEX latitudes.                                   DESCRIPTION         
Note: These GIM results correspond to the results for the   DESCRIPTION         
middle day of a 3-day combination analysis solving for 37   DESCRIPTION         
times 256, or 9472 VTEC parameters and one common set of    DESCRIPTION         
satellite and 24-hour receiver DCB constants.               DESCRIPTION         
Contact address: stefan.schaer or code @aiub.unibe.ch       DESCRIPTION         
Web page:        www.aiub.unibe.ch/content/ionosphere/      DESCRIPTION         
Data archive:    ftp.unibe.ch/aiub/CODE/                    DESCRIPTION         
                 www.aiub.unibe.ch/download/CODE/           DESCRIPTION         
  2012    11    21     0     0     0                        EPOCH OF FIRST MAP  
  2012    11    22     0     0     0                        EPOCH OF LAST MAP   
  7200                                                      INTERVAL            
    13                                                      # OF MAPS IN FILE   
  NONE                                                      MAPPING FUNCTION    
    10.0                                                    ELEVATION CUTOFF    
One-way carrier phase leveled to code                       OBSERVABLES USED    
[...]
etad etdd fair faiv fale flin flrs frdn func ganp glps glsv COMMENT             
gmsd gold gope gras graz guam guat guug harb harv hers hert COMMENT             
hnpt hob2 hofn hofs holb holm hrao hyde iddr ieng iisc ilha COMMENT             
impz ineg invk iqui irkj irkt isba joz2 joze karr kat1 kely COMMENT             
kerg khar kir0 kiru kit3 kokb kokv kouc lama lck2 lcki lhaz COMMENT             
lmmf lpal lpgs m0se mac1 mag0 mal2 mana mas1 mat1 mate maui COMMENT             
maw1 mbar mccj mcm4 mdo1 mdvj medi mets mizu mkea mnls mobj COMMENT             
mobk mobs monp morp mqzg nano nico nist nklg nlib not1 novm COMMENT             
nrc1 nril nrmd ntus nurk nya1 ohi2 ohi3 onsa opmt pado palv COMMENT             
park pbr2 pbri pdel penc pert pfa2 pimo pol2 pots pove prds COMMENT             
ptag ptbb qaq1 quin rabt ramo rcmn recf reso reun reyk rio2 COMMENT             
riop rosa roth salu sant savo sch2 scor sele sey1 sfer shao COMMENT             
smst sofi spt0 ssia sthl stjo stk2 str2 suth sutv suwn sydn COMMENT             
syog tabv tah2 tash thti thu2 thu3 tid1 tidb tixg tixi tlse COMMENT             
tn22 tow2 tro1 tsea tskb twtf txes uclu ufpr ulab unb3 unbj COMMENT             
unbn unbt unsa untr urum urus usn3 usno usud vaco vald vesl COMMENT             
vill vtsp wab1 wab2 wes2 wgtn whit will wind wsrt wtza wtzr COMMENT             
wtzs wtzz wuhn xmis yakt yar2 yar3 yarr ycba yell yssk zamb COMMENT             
zeck zim2 zimm                                              COMMENT             
                                                            END OF HEADER       
[from data line 429]
     2                                                      START OF TEC MAP    
  2012    11    21     2     0     0                        EPOCH OF CURRENT MAP
    87.5-180.0 180.0   5.0 450.0                            LAT/LON1/LON2/DLON/H
   80   82   83   85   86   87   88   89   90   90   91   91   91   91   90   89
   88   87   86   84   82   79   77   74   72   69   66   63   60   57   55   52
   50   47   45   43   42   40   39   38   37   36   36   36   36   36   36   37
   38   38   39   41   42   43   45   47   48   50   52   54   56   58   60   62
   64   67   69   71   73   75   76   78   80
    85.0-180.0 180.0   5.0 450.0                            LAT/LON1/LON2/DLON/H
   94   96   99  101  103  105  107  109  111  113  114  115  116  117  117  116
  115  113  111  107  103   99   93   88   82   76   70   63   57   52   46   41
   37   32   29   26   24   22   20   19   19   19   19   19   20   21   22   23
   25   26   28   30   33   35   38   41   44   47   50   53   57   61   64   68
   71   74   78   81   84   87   89   92   94
    82.5-180.0 180.0   5.0 450.0                            LAT/LON1/LON2/DLON/H
  106  107  108  109  111  112  114  116  119  121  124  127  130  133  134  135
  135  134  131  127  121  114  107   98   89   79   70   61   52   44   37   30
   25   21   17   15   13   13   12   13   14   15   16   18   19   21   23   24
   26   28   30   32   34   37   40   44   47   51   56   60   65   70   74   79
   83   87   91   95   98  100  103  104  106
    80.0-180.0 180.0   5.0 450.0                            LAT/LON1/LON2/DLON/H
  119  118  116  114  112  111  110  111  112  115  119  124  129  134  138  142
  144  144  142  137  131  123  113  102   91   79   67   56   46   37   29   23
   19   16   14   14   15   16   18   21   23   26   29   32   34   36   38   39
   40   41   42   43   45   47   50   53   57   61   67   72   78   84   90   96
  101  106  111  114  117  119  120  120  119
    77.5-180.0 180.0   5.0 450.0                            LAT/LON1/LON2/DLON/H
  139  134  127  120  113  106  101   97   96   97  101  106  113  121  128  134
  139  141  141  138  132  123  112  100   87   74   62   51   41   33   28   24
   22   21   22   24   28   32   36   41   45   50   53   57   59   60   61   61
   61   60   59   58   59   59   61   64   69   74   80   86   94  101  108  115
  122  129  134  138  142  143  144  142  139
    75.0-180.0 180.0   5.0 450.0                            LAT/LON1/LON2/DLON/H
  166  157  147  134  120  106   94   84   78   75   77   81   89   98  107  116
  124  129  131  129  124  116  105   93   80   68   57   48   41   36   34   33
   34   36   40   44   49   55   60   66   72   77   81   84   86   86   86   84
   81   78   75   73   71   71   72   74   79   85   92  100  109  117  126  135
  143  151  158  164  169  172  173  171  166
    72.5-180.0 180.0   5.0 450.0                            LAT/LON1/LON2/DLON/H
  199  190  175  157  137  116   96   79   66   58   55   58   64   73   83   94
  104  111  115  115  112  105   96   85   74   65   57   51   48   47   48   50
   54   58   63   68   73   78   84   89   94   99  103  105  106  106  104  101
   96   91   86   81   78   77   78   80   86   93  101  111  121  131  141  151
  161  170  179  188  195  201  205  204  199
    70.0-180.0 180.0   5.0 450.0                            LAT/LON1/LON2/DLON/H
  235  226  211  189  164  136  109   86   66   53   45   44   47   54   63   74
   84   93   99  101  100   96   88   80   72   65   61   59   60   63   67   72
   76   80   84   88   91   94   98  102  106  110  113  115  115  114  111  107
  101   95   88   83   79   78   79   83   89   97  108  119  130  142  152  163
  173  183  194  205  216  226  234  237  235
    67.5-180.0 180.0   5.0 450.0                            LAT/LON1/LON2/DLON/H
  266  261  247  224  196  165  133  104   80   62   50   44   43   46   52   61
   70   80   87   92   93   91   86   80   74   71   70   71   76   81   87   92
   95   97   98   98   99   99  100  102  105  107  110  111  111  110  107  102
   96   90   84   78   75   75   77   82   90  101  113  125  138  150  161  171
  181  191  201  214  228  242  255  264  266
    65.0-180.0 180.0   5.0 450.0                            LAT/LON1/LON2/DLON/H
  288  287  276  255  226  194  161  131  105   84   68   58   52   49   51   56
   64   73   81   88   91   91   88   84   80   79   80   84   90   96  101  105
  106  104  101   98   94   92   91   91   92   94   96   97   97   96   93   89
   84   79   74   70   69   70   75   83   93  105  118  132  146  158  169  178
  187  195  204  216  231  248  265  280  288
    62.5-180.0 180.0   5.0 450.0                            LAT/LON1/LON2/DLON/H
  297  301  293  275  249  218  187  158  133  112   95   80   69   62   58   59
   63   71   80   88   93   95   93   90   87   85   87   92   98  103  107  108
  105  100   93   86   80   76   74   74   74   76   78   79   79   78   76   73
   70   66   63   62   64   68   76   86   99  112  127  142  156  169  180  188
  195  200  206  215  229  246  266  284  297
    60.0-180.0 180.0   5.0 450.0                            LAT/LON1/LON2/DLON/H
  296  303  299  284  261  233  205  180  158  138  121  104   89   76   67   63
   65   72   80   89   95   97   96   92   89   87   88   92   97  101  103  101
   95   87   78   70   63   59   57   57   59   61   62   64   64   63   62   59
   57   55   55   57   62   71   82   95  109  124  139  154  169  183  194  203
  208  211  213  217  226  241  261  281  296
    57.5-180.0 180.0   5.0 450.0                            LAT/LON1/LON2/DLON/H
  290  299  297  284  264  240  216  194  175  158  141  123  104   87   74   67
   66   70   78   86   91   93   91   88   84   82   82   85   89   91   91   87
   80   71   62   55   50   47   47   49   51   54   56   57   56   55   53   50
   49   49   51   56   65   78   92  108  124  140  155  170  185  199  212  222
  227  228  226  225  228  239  255  274  290
    55.0-180.0 180.0   5.0 450.0                            LAT/LON1/LON2/DLON/H
  286  295  294  283  266  244  223  203  186  169  151  131  111   92   76   66
   62   65   70   76   80   81   79   75   71   69   70   73   76   78   76   72
   66   58   52   47   45   45   47   51   54   57   59   59   58   55   52   48
   46   47   52   60   73   89  107  125  143  159  174  188  203  218  232  244
  251  251  247  241  238  243  255  271  286
    52.5-180.0 180.0   5.0 450.0                            LAT/LON1/LON2/DLON/H
  289  297  297  288  273  253  231  211  191  172  152  131  110   89   73   62
   57   56   58   61   63   62   60   57   54   54   57   60   64   66   65   61
   57   53   50   49   50   53   57   61   66   69   71   71   68   63   58   52
   50   50   56   68   83  103  124  144  163  180  193  206  220  235  251  265
  275  276  270  262  255  254  262  275  289
    50.0-180.0 180.0   5.0 450.0                            LAT/LON1/LON2/DLON/H
  300  309  310  304  290  270  246  222  197  172  149  126  104   85   69   58
   52   49   47   46   44   42   40   39   39   42   47   53   58   60   60   58
   56   56   57   60   63   68   72   77   82   85   87   86   83   76   69   61
   57   57   64   78   96  118  141  163  182  199  212  223  234  249  265  281
  293  297  292  283  274  271  276  287  300
    47.5-180.0 180.0   5.0 450.0                            LAT/LON1/LON2/DLON/H
  316  326  331  327  316  296  269  238  206  175  147  122  101   84   70   60
   53   47   41   36   31   28   27   28   32   38   46   54   60   63   63   63
   63   66   70   75   80   84   88   92   97  100  102  102   98   91   82   73
   67   67   75   90  110  133  157  179  199  215  228  238  247  259  273  289
  303  309  307  299  291  288  293  304  316
    45.0-180.0 180.0   5.0 450.0                            LAT/LON1/LON2/DLON/H
  332  344  352  353  345  325  295  257  218  181  150  125  105   90   79   71
   64   56   47   37   30   26   27   30   36   45   55   65   71   74   74   73
   75   79   84   90   94   97   99  103  106  110  113  114  111  105   95   85
   79   79   87  103  124  148  171  193  213  230  242  251  258  266  277  291
  303  311  311  306  301  301  307  318  332
    42.5-180.0 180.0   5.0 450.0                            LAT/LON1/LON2/DLON/H
  340  353  364  370  366  348  316  274  230  191  159  135  117  105   96   89
   82   74   64   53   45   42   43   47   54   63   73   82   88   89   87   85
   85   89   94   99  101  102  104  106  110  115  119  122  121  116  108   98
   92   93  102  119  141  164  186  207  226  242  255  264  269  274  280  289
  298  305  307  306  304  307  315  327  340
    40.0-180.0 180.0   5.0 450.0                            LAT/LON1/LON2/DLON/H
  339  350  361  370  369  353  322  280  237  200  172  151  136  125  117  111
  105   98   89   80   73   71   72   75   79   86   94  102  106  105   99   94
   91   93   97  100  100  101  102  105  110  115  121  125  127  125  119  111
  106  108  118  137  159  182  203  221  238  254  268  278  283  285  286  290
  295  300  302  302  304  309  318  328  339
    37.5-180.0 180.0   5.0 450.0                            LAT/LON1/LON2/DLON/H
  331  335  343  351  352  338  309  271  234  205  185  169  156  144  135  128
  124  119  114  109  106  105  106  106  106  107  112  118  121  117  108   98
   92   91   93   94   94   95   98  103  109  115  121  127  131  132  129  123
  119  123  135  155  179  202  222  239  254  269  283  295  302  303  301  300
  301  302  304  305  308  315  322  327  331
    35.0-180.0 180.0   5.0 450.0                            LAT/LON1/LON2/DLON/H
  326  318  317  320  318  305  279  248  222  205  194  184  171  157  144  135
  131  129  128  129  131  134  134  130  124  120  122  128  131  126  113   99
   89   86   86   86   86   89   95  103  111  117  122  127  133  136  136  133
  132  137  152  174  200  225  246  261  274  288  302  316  326  329  328  325
  323  322  322  323  327  333  336  334  326
    32.5-180.0 180.0   5.0 450.0                            LAT/LON1/LON2/DLON/H
  336  313  298  291  284  268  244  221  207  203  201  195  180  160  141  129
  123  123  126  132  139  145  145  138  129  122  124  131  136  131  116  100
   87   82   80   79   81   87   97  109  117  121  124  128  133  138  140  140
  141  148  165  191  221  250  273  290  301  313  326  342  356  364  367  366
  365  363  362  363  367  372  371  358  336
    30.0-180.0 180.0   5.0 450.0                            LAT/LON1/LON2/DLON/H
  373  334  304  285  268  246  222  204  200  207  211  204  184  158  132  114
  104  101  105  114  124  133  136  129  119  114  119  131  141  138  123  105
   91   84   81   80   82   90  104  118  126  128  127  127  131  136  140  142
  146  156  176  205  240  275  304  324  336  344  356  372  390  406  416  422
  424  424  424  426  431  436  431  410  373
    27.5-180.0 180.0   5.0 450.0                            LAT/LON1/LON2/DLON/H
  443  390  347  316  290  261  233  217  218  228  232  220  194  160  128  103
   85   75   74   80   92  104  110  108  103  103  115  135  150  150  136  117
  103   95   90   88   90   99  115  129  136  134  128  125  126  130  135  139
  146  159  183  216  257  300  337  363  376  382  390  406  428  452  472  486
  495  499  502  506  515  523  518  491  443
    25.0-180.0 180.0   5.0 450.0                            LAT/LON1/LON2/DLON/H
  542  482  431  393  360  324  290  271  271  277  274  253  218  180  145  112
   84   61   47   46   55   69   81   87   91  101  121  148  168  170  157  138
  124  115  108  103  102  110  125  138  142  137  127  120  118  121  125  132
  143  160  187  225  272  323  369  403  419  424  428  443  468  499  528  551
  568  578  585  594  608  622  622  595  542
    22.5-180.0 180.0   5.0 450.0                            LAT/LON1/LON2/DLON/H
  657  598  548  511  476  435  396  370  362  358  342  310  269  231  196  159
  118   77   46   32   35   49   67   83   98  117  145  175  196  198  184  166
  151  141  131  121  116  121  132  142  143  135  124  114  110  110  114  123
  137  159  191  233  285  344  399  441  462  467  469  481  508  544  580  610
  633  649  660  675  697  720  729  707  657
    20.0-180.0 180.0   5.0 450.0                            LAT/LON1/LON2/DLON/H
  769  719  679  651  622  581  537  505  486  468  436  393  351  320  292  254
  200  140   88   58   51   64   86  111  134  159  188  216  233  231  215  195
  180  168  154  139  129  128  135  141  139  131  120  110  103  101  104  115
  133  161  197  243  299  362  425  474  501  508  508  518  545  584  623  657
  684  703  718  738  767  801  821  810  769
    17.5-180.0 180.0   5.0 450.0                            LAT/LON1/LON2/DLON/H
  857  822  799  788  771  736  692  654  625  593  548  497  461  443  428  393
  330  252  182  136  120  128  150  177  203  226  249  267  272  262  243  223
  207  192  173  152  137  132  134  136  133  126  118  109  101   97   99  111
  133  166  207  256  313  378  444  500  532  542  543  553  579  617  656  689
  715  735  752  775  810  853  884  885  857
    15.0-180.0 180.0   5.0 450.0                            LAT/LON1/LON2/DLON/H
  907  888  885  895  894  870  829  790  756  714  660  610  584  586  589  562
  495  405  322  266  240  241  258  280  298  311  318  318  308  289  266  246
  229  211  187  161  142  134  132  132  130  126  121  115  107  100  100  113
  140  177  223  273  329  391  457  514  551  565  569  580  607  643  678  706
  728  746  764  787  825  872  911  922  907
    12.5-180.0 180.0   5.0 450.0                            LAT/LON1/LON2/DLON/H
  914  909  924  953  970  957  924  889  855  812  757  712  702  725  749  733
  669  577  490  430  399  390  394  402  405  398  383  361  335  307  283  264
  247  225  196  166  145  136  133  132  131  132  132  128  120  111  110  123
  152  193  241  292  345  402  462  518  556  575  583  598  625  659  688  709
  726  742  758  780  815  862  902  919  914
    10.0-180.0 180.0   5.0 450.0                            LAT/LON1/LON2/DLON/H
  885  889  916  959  988  986  962  934  908  870  822  787  793  837  878  875
  819  734  655  599  566  546  534  521  501  471  432  391  351  319  296  280
  263  236  202  170  149  141  140  139  140  145  149  147  138  128  127  140
  169  212  261  310  359  408  460  510  548  570  584  604  633  664  687  702
  715  729  744  763  793  834  870  887  885
     7.5-180.0 180.0   5.0 450.0                            LAT/LON1/LON2/DLON/H
  839  845  876  923  957  961  944  927  912  886  848  825  843  899  952  959
  914  844  781  737  706  676  645  609  566  515  458  403  359  329  312  300
  281  249  209  174  155  150  151  152  155  163  169  168  159  149  147  160
  189  230  277  325  368  408  450  492  528  552  571  596  628  658  677  688
  699  714  730  747  770  801  830  842  839
     5.0-180.0 180.0   5.0 450.0                            LAT/LON1/LON2/DLON/H
  798  799  826  868  898  901  888  880  878  865  839  822  844  902  956  968
  934  882  840  812  785  748  700  645  586  523  459  403  363  342  334  326
  304  265  218  181  163  161  164  167  172  181  188  187  178  169  169  182
  207  244  288  332  370  402  434  467  498  523  546  576  611  642  659  669
  683  703  723  739  755  777  798  804  798
     2.5-180.0 180.0   5.0 450.0                            LAT/LON1/LON2/DLON/H
  778  773  790  819  838  834  821  819  827  825  805  788  804  850  895  903
  875  839  817  805  784  742  684  620  557  497  441  398  372  365  366  359
  332  284  229  189  172  172  176  180  186  195  202  200  191  184  187  200
  222  253  292  331  365  390  412  437  463  486  512  546  584  616  635  648
  668  697  724  742  754  770  785  788  778
