TEC/CODG3250.12I
     1.0            IONOSPHERE MAPS     GNSS                IONEX VERSION / TYPE
ADDNEQ2 V5.3        AIUB                24-NOV-12 20:55     PGM / RUN BY / DATE 
CODE'S GLOBAL IONOSPHERE MAPS FOR DAY 325, 2012             COMMENT             
Global ionosphere maps (GIM) are generated on a daily basis DESCRIPTION         
at CODE using data from about 150 GPS sites of the IGS and  DESCRIPTION         
other institutions. The vertical total electron content     DESCRIPTION         
(VTEC) is modeled in a solar-geomagnetic reference frame    DESCRIPTION         
using a spherical harmonics expansion up to degree and      DESCRIPTION         
order 15. Piece-wise linear functions are used for          DESCRIPTION         
representation in the time domain. The time spacing of      DESCRIPTION         
their vertices is 2 hours, conforming with the epochs of    DESCRIPTION         
the VTEC maps. Instrumental biases, so-called differential  DESCRIPTION         
P1-P2 code biases (DCB), for all GPS satellites and ground  DESCRIPTION         
stations are estimated as constant values for each day,     DESCRIPTION         
simultaneously with the 13 times 256, or 3328 parameters    DESCRIPTION         
used to represent the global VTEC distribution. The DCB     DESCRIPTION         
datum is defined by a zero-mean condition imposed on the    DESCRIPTION         
satellite bias estimates. P1-C1 bias corrections are taken  DESCRIPTION         
into account if needed. To convert line-of-sight TEC into   DESCRIPTION         
vertical TEC, a modified single-layer model mapping         DESCRIPTION         
function approximating the JPL extended slab model mapping  DESCRIPTION         
function is adopted. The mapping function is evaluated at   DESCRIPTION         
geodetic satellite elevation angles. For the computation of DESCRIPTION         
the ionospheric pierce points, a spherical layer with a     DESCRIPTION         
radius of 6821 km is assumed, implying geocentric, not      DESCRIPTION         
geodetic IONEX latitudes.                                   DESCRIPTION         
Note: These GIM results correspond to the results for the   DESCRIPTION         
middle day of a 3-day combination analysis solving for 37   DESCRIPTION         
times 256, or 9472 VTEC parameters and one common set of    DESCRIPTION         
satellite and 24-hour receiver DCB constants.               DESCRIPTION         
Contact address: stefan.schaer or code @aiub.unibe.ch       DESCRIPTION         
Web page:        www.aiub.unibe.ch/content/ionosphere/      DESCRIPTION         
Data archive:    ftp.unibe.ch/aiub/CODE/                    DESCRIPTION         
                 www.aiub.unibe.ch/download/CODE/           DESCRIPTION         
  2012    11    20     0     0     0                        EPOCH OF FIRST MAP  
  2012    11    21     0     0     0                        EPOCH OF LAST MAP   
  7200                                                      INTERVAL            
    13                                                      # OF MAPS IN FILE   
  NONE                                                      MAPPING FUNCTION    
    10.0                                                    ELEVATION CUTOFF    
One-way carrier phase leveled to code                       OBSERVABLES USED    
[...]
cpxf crar cro1 daej darw dav1 dgar dgav dhlg drao dubo ebre COMMENT             
etad etdd fair faiv fale flin flrs frdn func ganp glps glsv COMMENT             
gmsd gold gope gras graz guam guat guug harb harv hers hert COMMENT             
hnpt hob2 hofn hofs holb holm hrao iddr iisc ilha ineg invk COMMENT             
iqui irkj irkt isba joz2 joze karr kat1 kely kerg khar kiru COMMENT             
kit3 kokb kokv kouc lama lck2 lcki lhaz lmmf lpal lpgs m0se COMMENT             
mac1 mag0 mal2 mana mas1 mat1 mate maui maw1 mbar mccj mcm4 COMMENT             
mdo1 mdvj medi mets mizu mkea mnls mobj mobk mobs monp morp COMMENT             
mqzg nano nico nist nklg nlib not1 novm nrc1 nril nrmd ntus COMMENT             
nurk nya1 ohi2 ohi3 onsa opmt pado palv park pbr2 pbri pdel COMMENT             
penc pert pfa2 pimo pol2 pots pove prds ptag ptbb qaq1 quin COMMENT             
rabt ramo rcmn recf reso reun reyk rio2 riop rosa roth salu COMMENT             
sant savo sch2 scor sele sey1 sfer shao smst sofi spt0 ssia COMMENT             
sthl stjo stk2 str2 suth sutv suwn sydn syog tabv tah1 tah2 COMMENT             
tash thti thu2 thu3 tid1 tidb tixg tixi tlse tn22 tow2 tro1 COMMENT             
tsea tskb twtf txes uclu ufpr ulab unb3 unbj unbn unbt unsa COMMENT             
untr urum urus usn3 usno usud vaco vald vesl vill vtsp wab1 COMMENT             
wab2 wes2 wgtn whit will wind wsrt wtza wtzr wtzs wtzz wuhn COMMENT             
xmis yakt yar2 yar3 yarr ycba yell yssk zamb zeck zim2 zimm COMMENT             
                                                            END OF HEADER       
[from data line 2145]
     6                                                      START OF TEC MAP    
  2012    11    20    10     0     0                        EPOCH OF CURRENT MAP
    87.5-180.0 180.0   5.0 450.0                            LAT/LON1/LON2/DLON/H
   59   60   62   63   65   66   68   69   71   72   73   75   76   77   78   79
   80   81   82   83   83   83   83   84   83   83   83   83   82   81   80   79
   78   77   76   75   73   72   70   69   67   65   64   62   61   59   57   56
   55   54   52   51   51   50   49   49   49   48   48   49   49   49   50   50
   51   52   52   53   54   55   57   58   59
    85.0-180.0 180.0   5.0 450.0                            LAT/LON1/LON2/DLON/H
   52   54   56   58   61   63   66   68   71   73   76   78   81   83   85   87
   88   90   91   92   93   93   93   93   93   93   92   92   91   90   89   87
   86   84   82   80   78   76   73   70   67   64   61   58   55   52   49   46
   44   41   39   38   36   35   35   34   34   35   35   36   36   37   38   39
   40   42   43   44   45   47   49   50   52
    82.5-180.0 180.0   5.0 450.0                            LAT/LON1/LON2/DLON/H
   48   50   52   54   56   59   62   65   69   72   75   78   80   83   85   87
   89   91   92   93   94   94   94   94   94   93   93   92   91   90   89   89
   88   86   85   84   82   79   77   74   70   66   62   58   54   49   45   41
   37   34   32   30   28   27   27   28   28   30   31   33   34   36   37   39
   40   41   42   43   43   44   45   46   48
    80.0-180.0 180.0   5.0 450.0                            LAT/LON1/LON2/DLON/H
   48   48   50   52   54   57   60   63   66   69   71   74   76   78   80   82
   84   85   86   87   88   88   87   87   86   85   84   84   83   83   84   84
   85   85   86   86   86   85   84   82   79   75   71   66   61   56   50   45
   40   36   33   31   29   29   29   30   32   35   38   40   43   46   47   49
   50   50   50   49   49   48   47   47   48
    77.5-180.0 180.0   5.0 450.0                            LAT/LON1/LON2/DLON/H
   51   51   52   54   56   58   60   63   65   66   68   69   70   71   72   73
   75   76   77   77   78   78   77   76   75   74   73   72   72   73   75   77
   80   83   87   90   93   95   96   96   95   92   89   84   79   73   67   61
   55   50   45   42   40   39   40   42   44   48   52   55   59   62   64   65
   65   65   63   61   59   56   54   52   51
    75.0-180.0 180.0   5.0 450.0                            LAT/LON1/LON2/DLON/H
   58   57   58   59   61   63   65   67   67   67   66   65   64   63   63   63
   64   66   67   68   69   69   69   68   66   64   63   62   62   64   67   71
   77   83   90   97  104  109  114  117  118  117  116  112  108  102   96   89
   82   75   68   63   59   57   57   57   60   63   67   71   74   77   79   80
   80   79   76   73   69   65   62   59   58
    72.5-180.0 180.0   5.0 450.0                            LAT/LON1/LON2/DLON/H
   63   63   64   66   69   72   74   74   73   70   67   63   59   56   55   55
   56   58   61   63   65   66   66   65   63   61   59   57   57   59   63   70
   78   88   98  109  119  129  136  142  146  149  149  148  144  140  133  126
  117  108   99   91   84   79   75   73   73   75   77   80   82   84   86   86
   86   85   82   79   75   71   68   65   63
    70.0-180.0 180.0   5.0 450.0                            LAT/LON1/LON2/DLON/H
   65   66   69   72   76   80   83   83   80   76   69   63   56   52   49   49
   51   55   59   64   67   70   70   70   68   65   62   59   59   61   65   73
   84   96  110  124  138  150  161  170  177  182  185  186  185  181  176  168
  158  146  134  122  110  100   92   86   82   79   78   78   78   78   79   79
   79   78   77   76   73   70   68   66   65
    67.5-180.0 180.0   5.0 450.0                            LAT/LON1/LON2/DLON/H
   62   64   68   74   80   85   89   89   86   80   72   63   56   50   47   48
   51   56   62   68   74   77   79   79   76   73   69   66   65   67   72   81
   93  108  124  141  157  172  185  196  206  213  218  221  222  221  216  208
  197  183  167  150  134  118  105   93   84   77   71   66   63   60   59   59
   59   61   62   63   63   63   62   62   62
    65.0-180.0 180.0   5.0 450.0                            LAT/LON1/LON2/DLON/H
   55   58   62   68   76   83   88   90   88   82   73   64   56   50   49   50
   55   61   68   75   81   85   87   87   85   81   77   74   72   74   80   90
  104  121  139  158  175  192  206  219  229  238  245  250  253  253  249  242
  230  214  195  174  153  133  115   98   84   72   61   51   43   37   33   32
   33   37   41   46   49   52   53   54   55
    62.5-180.0 180.0   5.0 450.0                            LAT/LON1/LON2/DLON/H
   46   48   52   58   66   74   80   83   83   78   71   63   56   52   52   55
   60   67   74   80   85   89   91   91   89   85   81   77   76   79   87   99
  114  133  152  172  190  207  222  235  246  256  264  270  273  274  272  264
  252  235  214  192  168  145  124  104   86   70   55   40   28   18   12   10
   11   16   23   30   37   42   44   46   46
    60.0-180.0 180.0   5.0 450.0                            LAT/LON1/LON2/DLON/H
   40   40   41   45   51   59   65   70   71   69   64   59   55   54   56   61
   66   72   76   80   83   85   86   86   84   81   77   75   75   80   90  105
  123  142  163  182  201  218  233  247  258  267  274  280  283  284  281  274
  263  247  226  203  180  157  135  115   96   78   60   42   27   14    5    1
    2    6   14   23   31   37   40   41   40
    57.5-180.0 180.0   5.0 450.0                            LAT/LON1/LON2/DLON/H
   41   38   36   36   39   43   48   52   55   55   54   53   53   55   60   65
   70   73   75   75   75   74   74   73   72   69   67   66   69   78   91  109
  129  150  171  191  209  226  241  254  265  273  279  282  284  284  281  274
  264  250  232  212  191  170  151  133  115   97   78   60   43   29   18   12
   11   14   20   28   36   42   44   43   41
    55.0-180.0 180.0   5.0 450.0                            LAT/LON1/LON2/DLON/H
   50   45   40   35   33   33   34   37   39   41   43   46   50   55   62   67
   71   72   70   66   62   60   58   57   55   53   53   55   61   74   91  113
  136  158  178  197  215  232  248  261  271  278  281  282  281  278  274  268
  260  249  236  220  203  186  171  156  140  124  108   91   75   61   49   41
   36   36   39   44   50   54   55   54   50
    52.5-180.0 180.0   5.0 450.0                            LAT/LON1/LON2/DLON/H
   66   61   54   47   39   33   29   28   28   30   34   39   46   53   61   67
   69   67   63   56   50   46   43   41   39   39   40   45   55   72   94  119
  144  166  186  204  221  239  255  269  280  285  285  282  277  271  266  261
  256  249  240  228  216  203  191  179  167  154  139  125  112  100   89   79
   72   67   65   65   68   70   70   69   66
    50.0-180.0 180.0   5.0 450.0                            LAT/LON1/LON2/DLON/H
   85   83   78   70   59   47   36   29   26   27   30   35   43   51   59   64
   66   63   57   49   42   37   33   31   30   30   33   41   55   76  102  129
  155  176  195  212  229  247  266  281  291  295  292  286  277  268  262  258
  255  251  246  238  229  219  208  198  187  175  163  152  142  134  125  115
  104   95   88   84   83   83   84   85   85
    47.5-180.0 180.0   5.0 450.0                            LAT/LON1/LON2/DLON/H
  100  104  104   99   87   71   55   42   35   32   33   37   43   50   57   61
   62   59   54   48   42   37   33   30   29   30   35   46   63   86  114  143
  168  188  205  221  239  259  279  296  307  309  304  294  282  271  264  260
  259  258  255  249  240  229  217  206  194  182  171  162  156  151  144  135
  123  110  100   93   89   89   91   95  100
    45.0-180.0 180.0   5.0 450.0                            LAT/LON1/LON2/DLON/H
  105  117  126  126  117  100   81   64   52   46   43   43   47   52   57   60
   61   60   57   54   50   46   42   38   37   40   47   59   78  103  130  158
  181  199  214  230  250  273  296  314  324  326  319  306  293  281  273  270
  270  270  267  259  248  233  218  202  187  173  162  153  149  147  143  135
  123  110   98   90   86   85   87   94  105
    42.5-180.0 180.0   5.0 450.0                            LAT/LON1/LON2/DLON/H
   97  116  134  143  140  126  107   89   75   65   58   55   55   57   59   62
   63   65   66   67   66   62   57   53   51   55   64   78   98  121  147  171
  191  207  222  240  263  289  315  334  343  343  334  321  307  296  288  285
  284  283  279  268  252  232  212  192  173  156  142  132  128  127  124  119
  108   96   86   79   76   74   75   82   97
    40.0-180.0 180.0   5.0 450.0                            LAT/LON1/LON2/DLON/H
   77  100  125  142  147  139  124  108   95   84   75   69   66   65   66   68
   71   75   80   84   85   81   74   68   67   73   84  100  118  138  160  180
  197  212  228  249  276  307  334  353  361  359  350  337  325  314  307  303
  301  297  290  275  255  230  206  183  162  143  126  114  107  104  102   98
   90   81   75   72   69   65   62   64   77
    37.5-180.0 180.0   5.0 450.0                            LAT/LON1/LON2/DLON/H
   52   72   99  123  135  134  127  117  107   98   89   81   77   76   77   79
   82   88   96  102  104   99   89   81   80   88  103  119  135  152  169  185
  199  214  233  258  291  325  353  371  376  373  364  353  343  335  328  322
  317  311  300  283  260  235  210  188  168  150  132  117  106  100   95   91
   85   81   80   80   77   68   55   47   52
    35.0-180.0 180.0   5.0 450.0                            LAT/LON1/LON2/DLON/H
   32   42   65   90  106  113  113  111  107  102   95   89   87   88   90   92
   96  102  111  118  119  111   99   89   89  100  117  134  148  160  173  186
  199  216  238  270  307  344  373  388  391  386  378  371  364  357  350  342
  333  324  312  295  274  252  233  217  203  189  173  156  141  129  120  114
  111  110  114  116  111   94   67   42   32
    32.5-180.0 180.0   5.0 450.0                            LAT/LON1/LON2/DLON/H
   28   22   34   54   70   79   86   92   95   95   92   90   92   97  102  106
  109  115  122  129  128  117  102   91   92  106  126  144  157  165  175  187
  202  222  249  285  327  365  393  405  406  401  395  391  388  383  375  364
  351  340  328  316  302  288  278  273  271  265  254  237  218  201  187  178
  174  176  181  183  173  145  102   58   28
    30.0-180.0 180.0   5.0 450.0                            LAT/LON1/LON2/DLON/H
   49   24   21   29   38   46   55   65   74   78   80   83   91  101  110  115
  118  122  128  132  129  117  100   89   92  109  132  151  163  170  179  194
  212  236  267  307  351  389  414  424  424  420  418  418  419  416  406  391
  374  361  353  348  344  343  346  355  366  372  369  354  333  310  290  278
  272  273  276  274  258  219  161   98   49
    27.5-180.0 180.0   5.0 450.0                            LAT/LON1/LON2/DLON/H
   96   54   35   28   26   26   32   42   51   57   62   69   83   98  111  118
  121  123  127  128  124  112   96   87   92  111  136  156  168  178  190  209
  233  261  295  336  380  417  439  447  447  447  449  455  459  456  444  425
  405  391  388  392  401  413  429  450  474  492  497  488  466  438  414  398
  389  386  383  374  350  304  236  161   96
    25.0-180.0 180.0   5.0 450.0                            LAT/LON1/LON2/DLON/H
  165  114   80   58   41   29   26   30   36   40   44   54   71   90  105  113
  116  117  119  119  116  106   93   87   94  115  141  162  177  191  210  236
  265  296  331  371  413  447  467  475  478  482  491  501  508  506  492  468
  445  432  433  447  467  489  514  544  576  603  616  611  590  560  532  512
  500  491  480  462  431  381  313  236  165
    22.5-180.0 180.0   5.0 450.0                            LAT/LON1/LON2/DLON/H
  246  194  154  120   88   61   45   38   35   33   33   42   58   77   92  100
  103  105  106  108  106  101   93   90   99  120  147  170  189  210  239  273
  307  339  372  409  447  478  497  507  515  526  540  555  564  562  547  520
  494  481  487  507  534  561  590  621  654  683  700  699  679  648  617  595
  580  564  543  515  480  434  376  309  246
    20.0-180.0 180.0   5.0 450.0                            LAT/LON1/LON2/DLON/H
  322  280  242  202  158  118   88   68   54   42   35   39   51   66   77   83
   87   90   93   96   98   98   96   98  108  129  155  180  205  235  273  314
  352  383  413  446  480  508  528  542  556  574  594  612  623  622  606  577
  549  536  543  566  594  620  644  668  695  720  736  735  715  682  650  626
  609  587  557  520  483  448  410  367  322
    17.5-180.0 180.0   5.0 450.0                            LAT/LON1/LON2/DLON/H
  378  356  327  288  240  190  148  116   90   68   53   49   53   59   63   66
   70   76   82   88   93   98  103  108  119  138  164  192  223  262  308  355
  394  422  447  476  507  534  556  575  596  621  646  665  677  677  662  633
  605  590  595  616  640  660  673  685  698  712  722  718  695  660  625  600
  581  556  517  474  439  420  409  396  378
    15.0-180.0 180.0   5.0 450.0                            LAT/LON1/LON2/DLON/H
  405  405  391  361  315  262  213  172  137  107   85   72   66   60   54   52
   58   68   77   85   93  103  112  120  131  149  175  206  243  288  340  389
  426  450  470  496  525  554  578  602  631  661  688  708  721  722  709  682
  653  637  639  654  670  679  680  676  673  673  672  662  633  592  552  526
  507  480  436  389  359  356  373  393  405
    12.5-180.0 180.0   5.0 450.0                            LAT/LON1/LON2/DLON/H
  398  419  422  404  366  317  268  225  187  153  126  107   90   72   54   47
   52   67   80   90   99  110  122  132  143  161  187  220  262  311  364  412
  444  463  480  504  534  564  592  621  654  688  716  735  747  750  740  717
  689  671  669  676  683  683  673  656  637  623  610  591  554  505  458  428
  410  383  338  288  262  274  315  362  398
    10.0-180.0 180.0   5.0 450.0                            LAT/LON1/LON2/DLON/H
  364  398  414  409  384  344  301  263  228  196  169  146  121   92   63   50
   56   74   91  101  109  119  132  144  156  174  201  237  280  330  380  422
  448  462  477  502  534  566  596  628  664  699  725  743  755  760  753  734
  709  691  684  685  685  678  663  640  612  585  562  534  488  428  372  338
  319  294  249  199  175  196  251  313  364
     7.5-180.0 180.0   5.0 450.0                            LAT/LON1/LON2/DLON/H
  315  352  374  380  366  338  307  278  252  228  206  183  154  116   80   61
   68   89  108  117  122  131  143  156  170  189  218  255  297  343  387  421
  441  451  466  492  526  559  591  624  660  693  717  733  744  751  748  734
  714  697  688  683  680  674  662  641  611  579  550  514  459  388  322  282
  263  241  198  147  122  144  200  264  315
     5.0-180.0 180.0   5.0 450.0                            LAT/LON1/LON2/DLON/H
  269  297  317  327  323  306  286  269  255  241  228  210  182  141  100   78
   84  107  127  135  137  143  155  169  185  207  237  274  313  353  388  413
  427  436  452  480  515  548  578  610  644  675  696  709  719  728  729  720
  705  691  683  678  676  676  675  664  641  611  580  540  480  400  325  278
  259  239  198  147  118  132  178  230  269
     2.5-180.0 180.0   5.0 450.0                            LAT/LON1/LON2/DLON/H
  240  251  262  271  270  261  250  243  240  237  233  223  200  161  119   96
  102  125  144  151  151  155  167  184  203  228  259  293  327  358  384  403
  413  423  441  470  504  534  561  590  622  649  667  678  688  698  702  697
  688  679  674  671  675  686  701  707  697  675  647  608  546  462  379  328
  308  291  252  199  163  164  193  222  240
