TEC/CODG1400.04I
     1.0            IONOSPHERE MAPS     GNSS                IONEX VERSION / TYPE
ADDNEQ2 V5.1        AIUB                23-MAY-04 23:37     PGM / RUN BY / DATE 
CODE'S GLOBAL IONOSPHERE MAPS FOR DAY 140, 2004             COMMENT             
Global ionosphere maps (GIM) are generated on a daily basis DESCRIPTION         
at CODE using data from about 150 GPS sites of the IGS and  DESCRIPTION         
other institutions. The vertical total electron content     DESCRIPTION         
(VTEC) is modeled in a solar-geomagnetic reference frame    DESCRIPTION         
using a spherical harmonics expansion up to degree and      DESCRIPTION         
order 15. Piece-wise linear functions are used for          DESCRIPTION         
representation in the time domain. The time spacing of      DESCRIPTION         
their vertices is 2 hours, conforming with the epochs of    DESCRIPTION         
the VTEC maps. Instrumental biases, so-called differential  DESCRIPTION         
P1-P2 code biases (DCB), for all GPS satellites and ground  DESCRIPTION         
stations are estimated as constant values for each day,     DESCRIPTION         
simultaneously with the 13 times 256, or 3328 parameters    DESCRIPTION         
used to represent the global VTEC distribution. The DCB     DESCRIPTION         
datum is defined by a zero-mean condition imposed on the    DESCRIPTION         
satellite bias estimates. P1-C1 bias corrections are taken  DESCRIPTION         
into account if needed. To convert line-of-sight TEC into   DESCRIPTION         
vertical TEC, a modified single-layer model mapping         DESCRIPTION         
function approximating the JPL extended slab model mapping  DESCRIPTION         
function is adopted. The mapping function is evaluated at   DESCRIPTION         
geodetic satellite elevation angles. For the computation of DESCRIPTION         
the ionospheric pierce points, a spherical layer with a     DESCRIPTION         
radius of 6821 km is assumed, implying geocentric, not      DESCRIPTION         
geodetic IONEX latitudes.                                   DESCRIPTION         
Note: These GIM results correspond to the results for the   DESCRIPTION         
middle day of a 3-day combination analysis solving for 37   DESCRIPTION         
times 256, or 9472 VTEC parameters and one common set of    DESCRIPTION         
satellite and 24-hour receiver DCB constants.               DESCRIPTION         
Contact address: stefan.schaer or igsauto @aiub.unibe.ch    DESCRIPTION         
Web site:        http://www.aiub.unibe.ch/ionosphere/       DESCRIPTION         
Data archive:    ftp://ftp.unibe.ch/aiub/CODE/              DESCRIPTION         
                 http://www.aiub.unibe.ch/download/CODE/    DESCRIPTION         
  2004     5    19     0     0     0                        EPOCH OF FIRST MAP  
  2004     5    20     0     0     0                        EPOCH OF LAST MAP   
  7200                                                      INTERVAL            
    13                                                      # OF MAPS IN FILE   
  NONE                                                      MAPPING FUNCTION    
    10.0                                                    ELEVATION CUTOFF    
One-way carrier phase leveled to code                       OBSERVABLES USED    
[...]
 622  642  583  640  657  602  510  482  514  531  581  631 COMMENT             
 645                                                        COMMENT             
List of stations:                                           COMMENT             
albh algo alic alrt amc2 amun artu asc1 aspa auck bahr bako COMMENT             
bili bjfs bogt bor1 braz brmu brst brus cagl cas1 cedu chat COMMENT             
chpi chur coco conz crar cro1 daej daka darr darw dav1 davr COMMENT             
drao dubo dwh1 ebre fair flin fort glsv gode godz gold gope COMMENT             
goug gras graz guam guat hers hert hob2 hofn holb holm hrao COMMENT             
ieng iisc invk irkj irkt ispa jab1 joz2 joze karr kerg kgn0 COMMENT             
kir0 kiru kit3 kodk kour kstu kunm lae1 lama lhas lhaz lpal COMMENT             
lpgs mac1 madr mag0 mali manz mas1 mat1 mate maui maw1 mbar COMMENT             
mcm4 mdo1 mdvj medi mets metz mkea monp morp mtka nano nlib COMMENT             
not1 noum novj npld nrc1 nril nssp ntus nya1 obe2 obet onsa COMMENT             
opmt pado pdel pert petp pie1 pimo pol2 pots prds ptbb qaq1 COMMENT             
quin rabt ramo reso reun reyk reyz riog sant sch2 scub sele COMMENT             
sey1 sfer spt0 stjo str2 suwn syog thti thu2 thu3 tidb tixi COMMENT             
tlse tow2 tro1 tskb twtf uclu unb1 unsa usn1 usno usud vesl COMMENT             
vill wes2 whit wsrt wtza wtzj wtzr wtzz wuhn yakt yar2 yarr COMMENT             
yell ykro yssk zimj zimm zimz zwen                          COMMENT             
                                                            END OF HEADER       
[from data line 3861]
    10                                                      START OF TEC MAP    
  2004     5    19    18     0     0                        EPOCH OF CURRENT MAP
    87.5-180.0 180.0   5.0 450.0                            LAT/LON1/LON2/DLON/H
  143  144  144  145  146  146  147  148  149  150  151  152  153  154  155  156
  156  157  157  158  158  159  159  159  159  159  159  159  159  159  158  158
  158  158  158  157  157  157  157  157  157  156  156  156  156  155  155  155
  154  154  153  153  152  151  151  150  149  148  148  147  146  145  145  144
  144  143  143  143  142  142  143  143  143
    85.0-180.0 180.0   5.0 450.0                            LAT/LON1/LON2/DLON/H
  130  131  132  133  135  137  139  142  144  146  148  151  153  155  156  158
  159  160  161  161  162  162  162  161  161  160  159  158  158  157  156  156
  155  155  154  154  154  154  154  154  155  155  155  156  156  156  156  156
  156  156  155  154  153  152  151  149  148  146  144  142  140  138  136  135
  133  132  131  130  129  129  129  129  130
    82.5-180.0 180.0   5.0 450.0                            LAT/LON1/LON2/DLON/H
  117  118  120  122  125  128  131  134  138  142  145  148  151  154  156  158
  160  161  162  162  162  161  160  159  157  155  154  152  150  148  147  146
  145  144  144  144  144  145  146  147  149  150  151  153  154  156  157  158
  158  159  158  158  157  156  154  152  150  147  144  141  138  135  131  128
  125  123  120  118  117  116  116  116  117
    80.0-180.0 180.0   5.0 450.0                            LAT/LON1/LON2/DLON/H
  107  109  111  113  117  120  124  128  133  137  141  144  148  151  153  156
  157  158  159  159  158  157  155  152  150  147  144  141  138  136  134  132
  131  130  130  131  132  133  135  137  140  142  145  148  151  154  156  158
  160  161  162  162  161  160  158  156  154  150  147  143  139  135  131  126
  122  118  115  112  110  108  107  107  107
    77.5-180.0 180.0   5.0 450.0                            LAT/LON1/LON2/DLON/H
  104  105  107  110  113  116  120  124  129  132  136  140  143  146  148  150
  152  153  153  153  152  150  148  145  142  138  134  130  127  124  121  119
  118  117  117  118  119  121  124  127  131  134  139  143  147  151  155  158
  160  162  164  164  164  163  162  160  157  154  151  147  143  138  134  129
  124  120  116  112  109  106  104  104  104
    75.0-180.0 180.0   5.0 450.0                            LAT/LON1/LON2/DLON/H
  107  107  109  111  114  117  120  123  126  129  132  134  137  139  141  143
  145  146  147  147  146  145  143  140  136  132  128  124  120  117  114  112
  110  110  110  110  111  113  116  119  123  128  132  137  142  147  152  155
  158  161  162  163  163  162  161  159  158  155  152  149  146  142  138  134
  129  125  121  117  113  110  108  107  107
    72.5-180.0 180.0   5.0 450.0                            LAT/LON1/LON2/DLON/H
  114  114  115  117  119  121  123  125  126  127  129  130  131  132  134  136
  138  140  142  143  144  144  143  140  137  133  129  125  122  118  116  113
  112  111  110  110  110  111  113  116  119  124  128  134  139  144  148  152
  154  156  157  157  157  156  155  154  153  152  150  148  146  144  141  138
  135  131  128  124  121  118  116  115  114
    70.0-180.0 180.0   5.0 450.0                            LAT/LON1/LON2/DLON/H
  124  124  124  125  126  127  127  128  128  127  127  127  127  128  130  132
  135  138  142  145  147  148  149  148  146  143  140  136  133  130  127  125
  123  121  119  117  116  115  116  117  120  123  128  132  137  141  145  147
  149  150  149  148  147  146  145  144  143  143  143  143  142  142  141  139
  138  136  133  131  129  127  125  124  124
    67.5-180.0 180.0   5.0 450.0                            LAT/LON1/LON2/DLON/H
  133  133  134  134  134  134  133  132  130  129  127  126  126  127  129  132
  136  141  146  151  155  159  161  162  161  160  158  155  153  151  148  146
  142  139  135  131  127  125  123  123  125  127  131  135  138  141  143  144
  144  142  140  138  135  133  132  131  131  131  132  133  134  135  136  136
  136  136  136  136  135  134  134  133  133
    65.0-180.0 180.0   5.0 450.0                            LAT/LON1/LON2/DLON/H
  141  142  142  142  141  140  138  136  134  131  130  129  129  131  134  138
  143  149  155  161  167  172  176  179  180  181  181  180  179  177  175  172
  167  161  155  148  142  137  134  133  134  135  138  141  143  144  144  143
  140  137  132  128  124  121  119  119  119  120  121  123  125  126  128  130
  131  133  135  136  138  139  140  141  141
    62.5-180.0 180.0   5.0 450.0                            LAT/LON1/LON2/DLON/H
  147  148  149  148  147  146  143  141  138  136  135  135  137  139  143  148
  153  160  166  173  180  186  192  196  200  202  204  205  206  205  203  199
  193  185  175  166  158  152  147  146  146  147  148  150  150  150  148  144
  139  133  127  121  117  113  111  110  111  112  113  115  116  118  120  122
  125  128  131  135  138  141  144  146  147
    60.0-180.0 180.0   5.0 450.0                            LAT/LON1/LON2/DLON/H
  153  154  155  154  153  151  149  147  145  143  143  145  148  152  156  161
  167  172  178  184  191  198  204  210  215  219  223  227  229  230  228  223
  216  205  194  182  173  166  161  160  160  161  161  161  160  158  153  148
  141  133  126  119  114  110  109  109  109  110  111  112  113  113  115  116
  119  123  128  133  138  143  147  150  153
    57.5-180.0 180.0   5.0 450.0                            LAT/LON1/LON2/DLON/H
  159  161  162  162  161  159  157  156  154  154  155  158  162  167  172  177
  181  185  189  193  199  205  211  218  224  230  237  242  247  249  247  242
  233  221  208  196  186  179  176  175  175  176  175  174  171  166  160  153
  145  136  128  122  117  114  113  113  114  115  116  115  114  114  114  115
  118  122  127  133  140  146  151  156  159
    55.0-180.0 180.0   5.0 450.0                            LAT/LON1/LON2/DLON/H
  168  170  171  171  171  170  170  169  168  169  171  175  180  185  190  193
  195  196  197  199  203  207  213  220  227  235  243  251  257  260  259  254
  244  232  219  207  198  193  191  191  191  191  189  185  179  173  166  158
  150  141  133  127  123  121  121  123  124  125  124  123  121  119  118  118
  120  124  129  136  144  151  158  164  168
    52.5-180.0 180.0   5.0 450.0                            LAT/LON1/LON2/DLON/H
  178  182  183  184  185  186  187  187  188  190  192  196  200  205  208  210
  209  207  204  203  205  208  213  219  227  235  244  252  260  264  265  260
  250  238  226  216  209  206  206  206  206  204  200  193  186  178  170  162
  154  147  140  134  131  130  131  133  135  135  134  132  129  127  125  125
  126  130  135  142  150  159  167  174  178
    50.0-180.0 180.0   5.0 450.0                            LAT/LON1/LON2/DLON/H
  191  195  198  200  202  205  208  210  213  215  217  220  224  227  228  227
  223  218  212  209  207  209  213  218  225  233  242  251  259  264  265  261
  253  243  233  226  222  221  222  222  221  216  208  199  190  181  173  166
  159  152  146  141  138  138  139  141  143  143  142  139  136  134  132  132
  133  136  142  149  158  167  177  185  191
    47.5-180.0 180.0   5.0 450.0                            LAT/LON1/LON2/DLON/H
  202  208  212  215  219  225  231  236  241  244  245  247  248  249  249  245
  239  231  223  216  213  214  217  221  227  233  241  249  257  262  263  260
  254  247  241  237  236  237  238  237  233  226  215  203  192  183  175  169
  163  157  151  146  143  142  143  145  146  145  143  141  139  137  136  137
  138  141  147  154  163  174  185  195  202
    45.0-180.0 180.0   5.0 450.0                            LAT/LON1/LON2/DLON/H
  211  218  223  228  235  243  253  262  269  273  274  274  273  272  269  264
  256  246  236  228  224  224  226  229  233  238  243  250  256  261  262  261
  257  253  250  250  251  253  254  252  245  234  220  207  195  186  179  174
  168  162  155  149  145  143  143  143  143  142  140  138  136  136  136  137
  139  142  147  155  165  177  189  201  211
    42.5-180.0 180.0   5.0 450.0                            LAT/LON1/LON2/DLON/H
  214  223  230  237  245  257  271  284  294  300  301  299  297  294  290  283
  274  263  253  244  240  239  241  243  246  248  251  255  260  263  265  264
  262  261  262  264  267  270  269  265  255  242  227  212  201  192  186  181
  175  167  159  151  145  142  140  138  137  135  132  131  130  131  132  134
  136  139  143  150  161  174  188  202  214
    40.0-180.0 180.0   5.0 450.0                            LAT/LON1/LON2/DLON/H
  212  222  230  238  249  264  282  299  313  320  322  320  317  312  308  301
  292  282  271  262  258  257  259  261  262  263  264  266  268  270  271  271
  271  272  275  279  283  285  283  277  266  252  237  222  211  203  197  191
  183  174  163  153  145  140  136  133  130  128  126  124  125  126  128  129
  131  132  136  143  153  167  182  198  212
    37.5-180.0 180.0   5.0 450.0                            LAT/LON1/LON2/DLON/H
  204  216  225  234  247  264  285  306  323  333  336  335  331  327  322  317
  309  299  289  280  276  276  278  281  282  282  282  282  283  284  284  284
  284  286  290  294  298  298  295  288  278  265  250  237  226  218  211  203
  193  180  167  155  146  139  134  130  127  125  124  123  124  125  126  127
  127  127  129  134  144  157  172  189  204
    35.0-180.0 180.0   5.0 450.0                            LAT/LON1/LON2/DLON/H
  193  206  216  226  239  258  281  305  324  337  342  342  339  336  333  329
  323  314  305  297  293  294  297  300  303  303  303  303  303  302  302  301
  301  303  307  310  312  311  307  300  291  279  267  254  243  234  226  215
  202  186  171  159  149  141  136  132  130  129  129  130  131  132  132  131
  128  126  126  130  137  148  162  178  193
    32.5-180.0 180.0   5.0 450.0                            LAT/LON1/LON2/DLON/H
  182  195  205  216  230  250  274  298  319  334  342  344  343  341  340  338
  334  327  318  311  308  309  314  319  323  325  327  327  327  326  325  324
  323  324  325  327  326  324  320  313  305  295  284  272  260  249  238  224
  207  190  174  161  152  146  141  138  138  140  143  146  147  147  146  143
  138  133  131  132  136  144  155  168  182
    30.0-180.0 180.0   5.0 450.0                            LAT/LON1/LON2/DLON/H
  174  185  196  207  221  241  265  289  310  326  337  342  344  344  345  345
  343  338  331  325  322  324  329  336  343  348  352  354  355  354  353  350
  349  347  347  345  343  339  333  327  319  309  298  285  271  258  243  227
  208  190  174  163  156  151  147  147  150  157  163  168  170  170  167  162
  156  149  144  142  142  145  152  162  174
    27.5-180.0 180.0   5.0 450.0                            LAT/LON1/LON2/DLON/H
  169  179  190  202  217  237  259  282  302  318  331  339  344  348  350  353
  353  350  345  340  338  341  347  355  363  371  378  382  385  385  383  380
  377  374  371  367  361  355  348  340  331  319  305  289  274  258  241  223
  204  186  172  163  158  155  154  156  163  173  184  191  194  195  192  186
  179  171  164  159  155  153  154  159  169
    25.0-180.0 180.0   5.0 450.0                            LAT/LON1/LON2/DLON/H
  167  177  188  201  217  237  257  277  295  312  327  339  347  353  358  363
  366  366  363  360  359  362  368  377  386  396  404  411  415  415  414  411
  407  403  397  390  383  374  364  352  338  321  302  284  266  249  232  213
  194  178  167  162  159  157  157  162  172  186  200  209  215  216  214  209
  202  195  187  179  171  164  159  161  167
    22.5-180.0 180.0   5.0 450.0                            LAT/LON1/LON2/DLON/H
  169  178  190  205  222  241  260  277  292  308  325  341  353  362  370  376
  382  385  386  385  386  389  394  402  411  421  431  438  443  444  443  441
  437  431  424  415  405  393  378  360  339  315  290  269  250  234  218  201
  183  170  162  159  158  157  158  163  175  191  207  218  225  228  228  226
  220  214  206  197  186  175  166  164  169
    20.0-180.0 180.0   5.0 450.0                            LAT/LON1/LON2/DLON/H
  171  181  194  210  229  248  265  279  292  308  327  346  362  374  384  393
  402  409  413  416  418  421  425  431  438  447  456  463  468  470  469  467
  463  457  449  438  425  410  390  364  333  301  271  247  231  218  204  189
  174  163  157  156  157  156  156  161  173  189  204  216  223  227  230  231
  228  223  216  207  195  181  171  167  171
    17.5-180.0 180.0   5.0 450.0                            LAT/LON1/LON2/DLON/H
  173  184  198  216  236  255  271  283  294  308  329  351  371  386  399  411
  423  433  442  448  452  455  457  461  466  472  479  484  488  490  490  489
  485  478  469  456  442  423  397  364  323  282  249  226  214  206  196  184
  171  161  157  157  157  156  154  157  167  180  193  203  209  214  219  223
  223  220  214  206  194  181  171  168  173
    15.0-180.0 180.0   5.0 450.0                            LAT/LON1/LON2/DLON/H
  172  185  201  219  240  260  275  285  294  308  329  353  376  395  411  426
  441  455  468  477  483  486  487  488  490  494  498  501  504  505  505  503
  499  491  481  467  451  429  399  359  311  265  230  211  205  203  198  187
  174  165  161  161  161  158  155  155  160  169  177  183  187  192  198  203
  206  205  201  194  183  172  165  165  172
    12.5-180.0 180.0   5.0 450.0                            LAT/LON1/LON2/DLON/H
  169  184  201  220  241  261  275  284  292  306  326  351  376  398  417  434
  452  469  486  499  506  509  508  508  509  511  513  514  515  516  515  512
  505  496  483  468  451  428  396  352  300  252  220  208  209  213  210  198
  184  174  169  169  168  164  159  156  156  158  161  162  163  167  172  178
  181  180  178  172  164  157  154  158  169
    10.0-180.0 180.0   5.0 450.0                            LAT/LON1/LON2/DLON/H
  164  181  199  218  239  258  272  281  289  301  319  343  369  392  413  433
  453  473  493  508  517  520  520  519  520  522  522  523  522  522  519  513
  504  491  476  459  441  419  388  345  294  249  222  218  226  234  230  216
  198  186  180  179  177  173  166  160  155  152  148  144  142  143  147  151
  153  153  150  146  141  138  140  149  164
     7.5-180.0 180.0   5.0 450.0                            LAT/LON1/LON2/DLON/H
  158  178  196  215  234  253  267  277  285  295  311  332  356  380  402  423
  444  466  487  505  515  518  519  521  524  527  528  528  527  524  519  509
  495  478  460  442  425  405  378  340  296  257  237  239  252  260  253  233
  211  197  190  189  186  182  174  166  157  148  140  132  128  127  128  129
  129  127  125  122  119  119  126  139  158
     5.0-180.0 180.0   5.0 450.0                            LAT/LON1/LON2/DLON/H
  151  173  193  211  230  248  263  274  282  291  304  321  342  364  386  406
  427  450  473  492  503  507  509  514  521  527  530  531  529  524  515  500
  480  459  438  418  402  387  368  339  303  273  260  266  280  284  270  244
  219  202  196  194  191  186  179  169  158  146  135  127  121  118  116  114
  111  108  105  102  101  103  113  130  151
     2.5-180.0 180.0   5.0 450.0                            LAT/LON1/LON2/DLON/H
  145  168  189  208  226  244  260  273  284  292  302  315  332  351  371  390
  409  431  454  474  485  491  495  504  515  525  531  531  529  521  507  486
  461  435  412  392  378  368  357  339  314  292  285  292  301  298  276  244
  216  199  193  191  188  183  176  166  155  143  132  125  120  117  113  107
  101   97   93   90   89   92  103  121  145
