TEC/CODG3230.12I
     1.0            IONOSPHERE MAPS     GNSS                IONEX VERSION / TYPE
ADDNEQ2 V5.3        AIUB                23-NOV-12 04:37     PGM / RUN BY / DATE 
CODE'S GLOBAL IONOSPHERE MAPS FOR DAY 323, 2012             COMMENT             
Global ionosphere maps (GIM) are generated on a daily basis DESCRIPTION         
at CODE using data from about 150 GPS sites of the IGS and  DESCRIPTION         
other institutions. The vertical total electron content     DESCRIPTION         
(VTEC) is modeled in a solar-geomagnetic reference frame    DESCRIPTION         
using a spherical harmonics expansion up to degree and      DESCRIPTION         
order 15. Piece-wise linear functions are used for          DESCRIPTION         
representation in the time domain. The time spacing of      DESCRIPTION         
their vertices is 2 hours, conforming with the epochs of    DESCRIPTION         
the VTEC maps. Instrumental biases, so-called differential  DESCRIPTION         
P1-P2 code biases (DCB), for all GPS satellites and ground  DESCRIPTION         
stations are estimated as constant values for each day,     DESCRIPTION         
simultaneously with the 13 times 256, or 3328 parameters    DESCRIPTION         
used to represent the global VTEC distribution. The DCB     DESCRIPTION         
datum is defined by a zero-mean condition imposed on the    DESCRIPTION         
satellite bias estimates. P1-C1 bias corrections are taken  DESCRIPTION         
into account if needed. To convert line-of-sight TEC into   DESCRIPTION         
vertical TEC, a modified single-layer model mapping         DESCRIPTION         
function approximating the JPL extended slab model mapping  DESCRIPTION         
function is adopted. The mapping function is evaluated at   DESCRIPTION         
geodetic satellite elevation angles. For the computation of DESCRIPTION         
the ionospheric pierce points, a spherical layer with a     DESCRIPTION         
radius of 6821 km is assumed, implying geocentric, not      DESCRIPTION         
geodetic IONEX latitudes.                                   DESCRIPTION         
Note: These GIM results correspond to the results for the   DESCRIPTION         
middle day of a 3-day combination analysis solving for 37   DESCRIPTION         
times 256, or 9472 VTEC parameters and one common set of    DESCRIPTION         
satellite and 24-hour receiver DCB constants.               DESCRIPTION         
Contact address: stefan.schaer or code @aiub.unibe.ch       DESCRIPTION         
Web page:        www.aiub.unibe.ch/content/ionosphere/      DESCRIPTION         
Data archive:    ftp.unibe.ch/aiub/CODE/                    DESCRIPTION         
                 www.aiub.unibe.ch/download/CODE/           DESCRIPTION         
  2012    11    18     0     0     0                        EPOCH OF FIRST MAP  
  2012    11    19     0     0     0                        EPOCH OF LAST MAP   
  7200                                                      INTERVAL            
    13                                                      # OF MAPS IN FILE   
  NONE                                                      MAPPING FUNCTION    
    10.0                                                    ELEVATION CUTOFF    
One-way carrier phase leveled to code                       OBSERVABLES USED    
[...]
fair faiv fale flin flrs frdn func ganp glps glsv gmsd gold COMMENT             
gope gras graz guam guat guug harb harv hers hert hnpt hob2 COMMENT             
hofn hofs holb holm hrao iddr ieng iisc ilha ineg invk iqui COMMENT             
irkj irkt isba joz2 joze karr kat1 kely kerg khar kir0 kiru COMMENT             
kit3 kokb kokv kosg kouc lama lck2 lcki lhaz lmmf lpal lpgs COMMENT             
m0se mac1 mag0 mal2 mana mas1 mat1 mate maui maw1 mbar mccj COMMENT             
mcm4 mdo1 mdvj medi mets mizu mkea mnls mobj mobk mobs monp COMMENT             
morp mqzg nano nico nist nklg nlib not1 novm nrc1 nril nrmd COMMENT             
ntus nurk nya1 ohi2 ohi3 onsa opmt pado palv park pbr2 pbri COMMENT             
pdel penc pert pfa2 pimo pol2 pots pove prds ptag ptbb qaq1 COMMENT             
quin rabt ramo rcmn recf reso reun reyk rio2 riop rosa roth COMMENT             
salu sant savo sch2 scor sele sey1 sfer shao smst sofi spt0 COMMENT             
ssia sthl stjo stk2 str2 suth sutv suwn sydn syog tabv tah1 COMMENT             
tah2 tash thti thu2 thu3 tid1 tidb tixg tixi tlse tn22 tow2 COMMENT             
tro1 tsea tskb twtf txes uclu ufpr ulab unb3 unbj unbn unbt COMMENT             
unsa untr urum urus usn3 usno usud vaco vald vesl vill vtsp COMMENT             
wab1 wab2 wes2 wgtn whit will wind wsrt wtza wtzr wtzs wtzz COMMENT             
wuhn xmis yakt yar2 yar3 yarr ycba yell yssk zamb zeck zim2 COMMENT             
zimm                                                        COMMENT             
                                                            END OF HEADER       
[from data line 4290]
    11                                                      START OF TEC MAP    
  2012    11    18    20     0     0                        EPOCH OF CURRENT MAP
    87.5-180.0 180.0   5.0 450.0                            LAT/LON1/LON2/DLON/H
  160  160  160  160  161  161  161  161  160  160  160  159  159  158  157  155
  154  152  151  149  147  145  143  141  139  137  135  133  131  129  128  126
  125  124  123  123  122  122  122  122  123  123  124  125  126  127  129  130
  132  133  135  137  139  140  142  144  146  147  149  150  151  152  153  154
  155  156  157  157  158  158  159  159  160
    85.0-180.0 180.0   5.0 450.0                            LAT/LON1/LON2/DLON/H
  150  151  151  152  154  155  156  158  159  160  161  161  161  161  159  158
  155  152  149  145  140  136  131  126  121  117  112  108  104  100   97   95
   92   90   89   88   87   87   87   88   89   90   91   93   95   98  101  104
  108  111  115  119  123  126  130  133  136  139  142  144  146  147  148  149
  149  150  150  149  149  149  149  150  150
    82.5-180.0 180.0   5.0 450.0                            LAT/LON1/LON2/DLON/H
  123  124  125  128  131  135  139  143  148  152  156  159  161  162  162  160
  157  152  147  140  133  125  117  108  100   93   86   80   74   69   65   62
   60   58   56   55   55   55   55   55   56   57   59   61   64   68   71   76
   81   86   91   97  103  108  114  119  123  127  130  133  134  135  135  135
  134  132  131  129  127  125  124  123  123
    80.0-180.0 180.0   5.0 450.0                            LAT/LON1/LON2/DLON/H
   88   88   91   95  100  107  115  124  133  142  150  157  162  165  167  165
  161  156  148  138  127  116  104   92   81   71   62   54   47   42   39   36
   35   34   33   33   33   33   33   33   33   34   35   36   38   42   45   50
   56   62   69   76   83   90   96  102  108  112  116  118  119  119  118  116
  113  110  106  101   97   93   90   88   88
    77.5-180.0 180.0   5.0 450.0                            LAT/LON1/LON2/DLON/H
   54   55   58   63   71   81   93  106  120  134  147  159  168  174  177  177
  173  165  155  142  128  113   98   83   69   56   45   37   30   25   23   21
   21   22   23   24   25   25   24   24   22   22   21   21   22   24   28   32
   38   44   51   58   66   73   80   86   92   96  100  102  103  102  100   97
   93   87   81   75   69   63   59   56   54
    75.0-180.0 180.0   5.0 450.0                            LAT/LON1/LON2/DLON/H
   33   34   38   44   54   66   81   98  116  134  152  168  181  190  195  195
  191  182  170  155  138  120  102   84   67   53   41   31   24   20   18   18
   20   22   25   27   28   28   27   26   23   20   18   17   16   17   20   24
   29   35   41   48   54   61   67   72   77   81   84   86   86   86   84   80
   75   69   63   56   49   43   38   34   33
    72.5-180.0 180.0   5.0 450.0                            LAT/LON1/LON2/DLON/H
   29   31   36   43   53   66   82  101  122  143  164  184  199  211  218  219
  215  206  193  177  158  138  118   98   80   63   49   38   30   25   23   24
   26   29   33   36   37   38   36   33   30   26   22   20   19   19   21   24
   29   33   39   44   48   53   57   60   63   66   68   70   71   71   70   67
   63   58   52   46   40   35   31   29   29
    70.0-180.0 180.0   5.0 450.0                            LAT/LON1/LON2/DLON/H
   42   46   52   59   69   82   98  116  138  160  183  204  221  234  242  245
  241  233  221  205  186  166  145  124  104   85   69   55   44   37   33   33
   34   37   40   43   45   45   43   40   36   32   29   26   25   26   28   31
   34   38   41   44   46   48   49   50   51   52   54   56   57   58   59   58
   55   52   48   44   41   39   38   40   42
    67.5-180.0 180.0   5.0 450.0                            LAT/LON1/LON2/DLON/H
   65   73   80   88   98  109  123  140  159  181  203  224  243  256  265  269
  267  260  250  236  220  201  180  158  136  115   95   78   63   52   45   41
   40   41   43   45   46   46   44   41   38   35   33   31   32   33   36   39
   42   45   46   46   46   45   43   42   41   41   42   44   47   49   51   52
   52   50   49   47   47   49   53   59   65
    65.0-180.0 180.0   5.0 450.0                            LAT/LON1/LON2/DLON/H
   90  102  112  121  130  140  151  165  182  202  222  242  260  274  283  288
  288  284  277  266  253  236  216  194  170  146  123  101   83   67   55   47
   42   39   39   39   39   39   38   36   34   33   33   34   36   39   43   46
   48   49   48   47   44   41   38   35   33   33   34   36   40   44   47   49
   50   50   49   50   53   59   68   79   90
    62.5-180.0 180.0   5.0 450.0                            LAT/LON1/LON2/DLON/H
  109  125  138  149  159  167  177  188  203  219  238  256  272  285  295  300
  302  302  298  292  281  267  248  225  200  174  147  123  101   81   65   52
   42   36   32   30   29   28   27   27   27   29   31   34   38   43   46   49
   50   49   47   44   40   36   33   30   29   29   30   33   37   42   46   49
   50   49   49   50   54   63   76   92  109
    60.0-180.0 180.0   5.0 450.0                            LAT/LON1/LON2/DLON/H
  117  136  154  167  178  187  196  206  219  233  249  264  278  290  299  306
  310  312  312  309  301  288  270  247  221  193  166  141  117   95   76   59
   45   35   28   24   21   19   19   20   22   26   30   35   40   45   47   48
   47   45   41   38   34   32   30   29   29   30   32   36   40   45   49   51
   50   48   46   46   51   61   76   96  117
    57.5-180.0 180.0   5.0 450.0                            LAT/LON1/LON2/DLON/H
  115  137  157  174  187  199  209  220  231  243  256  269  281  291  299  306
  311  315  318  317  311  299  281  258  232  205  179  155  132  111   90   71
   55   41   31   24   20   18   18   20   24   29   35   40   45   47   48   47
   44   40   35   32   29   29   30   32   35   37   40   44   48   52   55   55
   53   48   43   41   44   54   70   92  115
    55.0-180.0 180.0   5.0 450.0                            LAT/LON1/LON2/DLON/H
  108  132  153  173  190  205  218  231  242  253  264  274  283  291  297  303
  308  313  316  316  312  300  282  259  235  210  188  168  149  130  109   89
   70   54   42   33   28   26   27   29   34   40   45   50   53   53   51   47
   42   37   32   29   28   30   34   40   45   49   53   56   59   61   63   62
   58   51   43   38   39   48   64   85  108
    52.5-180.0 180.0   5.0 450.0                            LAT/LON1/LON2/DLON/H
  104  127  149  171  191  211  228  243  255  265  273  280  287  292  296  300
  303  307  310  310  305  294  277  256  234  214  197  182  167  150  130  108
   87   70   57   48   43   42   43   46   51   56   61   64   65   63   58   52
   46   40   36   34   34   38   44   51   59   64   68   70   71   72   72   70
   65   56   48   42   41   48   62   82  104
    50.0-180.0 180.0   5.0 450.0                            LAT/LON1/LON2/DLON/H
  108  129  150  173  197  220  241  258  271  279  285  289  293  296  297  299
  300  301  302  301  296  286  271  253  235  220  207  197  184  168  147  123
  101   83   70   63   59   58   60   64   69   74   78   79   78   74   69   62
   56   51   48   46   47   51   57   65   73   78   81   82   82   82   81   79
   73   66   57   52   52   58   71   88  108
    47.5-180.0 180.0   5.0 450.0                            LAT/LON1/LON2/DLON/H
  122  141  161  185  210  236  259  277  289  295  298  300  302  302  302  301
  299  298  296  294  289  280  269  255  242  230  221  211  198  179  154  128
  104   86   75   70   69   70   73   77   82   87   91   91   89   85   81   76
   72   69   66   65   65   67   72   78   84   89   92   92   91   90   89   86
   82   76   70   67   69   77   89  105  122
    45.0-180.0 180.0   5.0 450.0                            LAT/LON1/LON2/DLON/H
  145  162  182  205  230  256  279  296  306  310  311  311  311  311  310  307
  304  300  296  292  287  281  274  265  255  245  235  222  204  179  150  120
   95   79   71   69   71   75   78   83   88   92   96   97   96   94   92   90
   89   89   88   87   85   84   84   87   91   95   97   97   95   94   93   92
   89   86   83   84   90  100  114  129  145
    42.5-180.0 180.0   5.0 450.0                            LAT/LON1/LON2/DLON/H
  171  188  207  229  253  277  298  312  318  319  318  318  319  320  319  317
  313  308  303  297  293  290  286  281  273  261  246  227  201  169  135  102
   78   65   61   64   69   74   78   81   85   90   94   96   98   99  100  102
  104  107  107  106  102   97   92   90   91   94   96   97   96   96   95   95
   94   93   94   99  109  122  138  155  171
    40.0-180.0 180.0   5.0 450.0                            LAT/LON1/LON2/DLON/H
  193  212  232  253  274  294  310  319  322  321  320  321  324  327  328  328
  326  322  317  311  306  304  303  300  291  275  253  225  192  154  117   85
   64   56   58   66   73   77   78   79   81   84   89   93   98  102  107  111
  115  118  120  118  113  104   94   88   86   89   92   94   95   96   96   96
   96   96   99  107  121  138  156  175  193
    37.5-180.0 180.0   5.0 450.0                            LAT/LON1/LON2/DLON/H
  207  229  250  271  289  304  314  318  317  314  314  318  324  330  335  339
  341  340  336  330  324  321  320  316  304  283  254  220  182  144  110   84
   70   69   77   87   94   95   92   87   84   85   89   95  101  108  113  117
  120  122  123  121  115  104   92   83   80   82   87   91   94   96   96   96
   95   96  100  109  125  143  164  185  207
    35.0-180.0 180.0   5.0 450.0                            LAT/LON1/LON2/DLON/H
  210  236  260  281  296  306  311  310  306  304  306  313  323  332  340  348
  355  360  358  350  341  335  332  325  310  284  252  216  182  152  127  113
  110  118  130  141  144  138  127  114  104  100  101  106  113  119  123  123
  121  119  118  116  111  101   89   79   75   78   84   90   94   97   98   97
   95   94   98  107  123  141  162  184  210
    32.5-180.0 180.0   5.0 450.0                            LAT/LON1/LON2/DLON/H
  206  236  263  285  298  305  305  302  297  296  301  311  322  332  342  353
  366  376  377  368  355  344  336  326  308  282  252  224  202  188  181  183
  193  208  222  229  225  210  187  163  144  133  131  133  137  140  138  132
  123  114  109  107  105   98   89   80   76   79   86   93   97  100  101  100
   97   95   97  106  119  136  155  178  206
    30.0-180.0 180.0   5.0 450.0                            LAT/LON1/LON2/DLON/H
  201  233  264  287  301  307  307  303  299  299  306  318  329  336  343  355
  371  386  390  380  362  345  333  321  304  283  263  251  250  258  273  292
  313  333  345  345  331  304  268  233  203  184  176  173  173  170  161  146
  128  112  102  100  101  100   94   88   85   88   94  100  103  106  107  105
  102   99  101  109  121  135  151  172  201
    27.5-180.0 180.0   5.0 450.0                            LAT/LON1/LON2/DLON/H
  202  236  269  295  311  320  323  322  320  322  329  339  347  348  348  355
  371  388  393  382  361  341  326  316  305  295  292  302  326  359  394  427
  455  474  479  469  443  403  356  309  270  243  228  220  214  204  188  166
  140  116  102  100  104  108  108  105  103  104  107  110  111  113  113  113
  110  108  111  119  131  143  156  174  202
    25.0-180.0 180.0   5.0 450.0                            LAT/LON1/LON2/DLON/H
  216  249  284  313  335  350  361  365  366  368  374  380  380  371  360  357
  368  383  388  377  355  335  324  320  320  326  344  378  427  480  528  566
  592  602  597  574  536  486  430  375  329  296  276  263  251  235  214  187
  158  130  113  110  117  125  129  128  126  124  124  122  120  119  120  120
  120  120  126  138  151  162  173  189  216
    22.5-180.0 180.0   5.0 450.0                            LAT/LON1/LON2/DLON/H
  243  276  311  345  374  400  420  432  436  437  440  440  431  409  383  366
  365  375  378  367  349  335  333  341  356  380  418  474  539  601  649  681
  694  690  669  634  587  531  471  413  363  328  305  289  273  254  232  207
  179  152  134  130  138  148  155  155  151  146  140  133  127  125  126  127
  129  133  144  161  178  192  203  218  243
    20.0-180.0 180.0   5.0 450.0                            LAT/LON1/LON2/DLON/H
  281  313  351  389  428  466  499  519  526  525  522  515  497  462  419  385
  369  369  369  360  349  347  360  384  415  455  509  576  645  701  736  748
  739  715  678  632  581  526  468  411  363  329  307  291  274  256  237  219
  199  178  163  158  164  174  180  180  174  165  154  143  133  129  130  132
  136  143  159  183  207  227  241  257  281
    17.5-180.0 180.0   5.0 450.0                            LAT/LON1/LON2/DLON/H
  324  358  397  441  490  541  585  614  623  619  611  598  572  526  469  417
  386  373  368  364  364  377  407  448  494  544  604  670  729  765  773  755
  719  672  620  568  518  469  419  369  327  298  281  267  253  239  228  221
  214  204  193  187  190  198  203  200  192  179  164  149  137  132  132  134
  139  149  170  200  232  258  279  298  324
    15.0-180.0 180.0   5.0 450.0                            LAT/LON1/LON2/DLON/H
  366  402  444  493  551  614  669  704  714  707  694  677  648  597  530  464
  418  394  384  384  396  427  474  529  582  636  691  744  780  785  757  705
  641  574  512  458  415  377  340  301  267  246  235  227  218  209  208  215
  223  224  219  214  214  217  219  214  203  188  170  153  141  134  133  134
  138  150  173  208  247  281  310  336  366
    12.5-180.0 180.0   5.0 450.0                            LAT/LON1/LON2/DLON/H
  399  439  485  540  604  675  738  777  787  778  762  744  715  665  595  523
  467  434  421  425  449  494  554  615  669  715  756  787  793  764  700  617
  529  449  382  332  300  277  254  228  204  190  187  186  183  180  187  205
  226  238  239  234  231  230  228  222  209  192  174  157  145  138  135  134
  136  147  171  208  251  293  329  363  399
    10.0-180.0 180.0   5.0 450.0                            LAT/LON1/LON2/DLON/H
  420  466  516  574  642  717  783  823  833  822  805  788  765  722  659  588
  529  491  477  485  517  570  635  695  740  771  791  797  775  715  625  520
  419  333  268  227  207  200  191  176  160  154  157  163  165  166  176  199
  227  247  253  248  242  238  233  225  212  195  177  162  151  144  140  136
  135  143  165  202  247  292  335  377  420
     7.5-180.0 180.0   5.0 450.0                            LAT/LON1/LON2/DLON/H
  429  480  534  594  663  736  800  839  848  836  820  808  792  762  711  651
  597  562  549  559  593  647  708  757  786  797  797  781  738  660  556  444
  343  261  204  173  166  171  174  167  157  155  163  173  178  180  187  207
  234  255  262  258  250  243  237  227  214  198  181  168  159  153  147  140
  136  142  162  196  239  284  331  379  429
     5.0-180.0 180.0   5.0 450.0                            LAT/LON1/LON2/DLON/H
  428  484  540  600  666  735  793  829  836  825  810  802  797  781  748  704
  663  635  626  637  668  714  761  793  803  795  777  748  698  618  517  413
  323  253  208  187  189  203  214  213  205  203  212  225  231  228  226  235
  251  266  271  265  256  248  240  231  218  202  188  177  171  165  158  149
  143  147  164  194  232  275  322  374  428
     2.5-180.0 180.0   5.0 450.0                            LAT/LON1/LON2/DLON/H
  422  480  537  596  657  718  769  799  805  795  783  779  782  780  766  742
  718  702  698  707  731  762  791  802  792  770  744  714  669  603  520  436
  365  312  278  266  274  293  307  307  299  295  303  315  318  308  292  282
  281  283  282  275  264  254  245  236  223  209  197  188  183  179  171  161
  155  159  175  201  233  270  314  365  422
