TEC/CODG3410.11I
     1.0            IONOSPHERE MAPS     GNSS                IONEX VERSION / TYPE
ADDNEQ2 V5.1        AIUB                12-DEC-11 17:32     PGM / RUN BY / DATE 
CODE'S GLOBAL IONOSPHERE MAPS FOR DAY 341, 2011             COMMENT             
Global ionosphere maps (GIM) are generated on a daily basis DESCRIPTION         
at CODE using data from about 150 GPS sites of the IGS and  DESCRIPTION         
other institutions. The vertical total electron content     DESCRIPTION         
(VTEC) is modeled in a solar-geomagnetic reference frame    DESCRIPTION         
using a spherical harmonics expansion up to degree and      DESCRIPTION         
order 15. Piece-wise linear functions are used for          DESCRIPTION         
representation in the time domain. The time spacing of      DESCRIPTION         
their vertices is 2 hours, conforming with the epochs of    DESCRIPTION         
the VTEC maps. Instrumental biases, so-called differential  DESCRIPTION         
P1-P2 code biases (DCB), for all GPS satellites and ground  DESCRIPTION         
stations are estimated as constant values for each day,     DESCRIPTION         
simultaneously with the 13 times 256, or 3328 parameters    DESCRIPTION         
used to represent the global VTEC distribution. The DCB     DESCRIPTION         
datum is defined by a zero-mean condition imposed on the    DESCRIPTION         
satellite bias estimates. P1-C1 bias corrections are taken  DESCRIPTION         
into account if needed. To convert line-of-sight TEC into   DESCRIPTION         
vertical TEC, a modified single-layer model mapping         DESCRIPTION         
function approximating the JPL extended slab model mapping  DESCRIPTION         
function is adopted. The mapping function is evaluated at   DESCRIPTION         
geodetic satellite elevation angles. For the computation of DESCRIPTION         
the ionospheric pierce points, a spherical layer with a     DESCRIPTION         
radius of 6821 km is assumed, implying geocentric, not      DESCRIPTION         
geodetic IONEX latitudes.                                   DESCRIPTION         
Note: These GIM results correspond to the results for the   DESCRIPTION         
middle day of a 3-day combination analysis solving for 37   DESCRIPTION         
times 256, or 9472 VTEC parameters and one common set of    DESCRIPTION         
satellite and 24-hour receiver DCB constants.               DESCRIPTION         
Contact address: stefan.schaer or code @aiub.unibe.ch       DESCRIPTION         
Web site:        http://www.aiub.unibe.ch/ionosphere/       DESCRIPTION         
Data archive:    ftp://ftp.unibe.ch/aiub/CODE/              DESCRIPTION         
                 http://www.aiub.unibe.ch/download/CODE/    DESCRIPTION         
  2011    12     7     0     0     0                        EPOCH OF FIRST MAP  
  2011    12     8     0     0     0                        EPOCH OF LAST MAP   
  7200                                                      INTERVAL            
    13                                                      # OF MAPS IN FILE   
  NONE                                                      MAPPING FUNCTION    
    10.0                                                    ELEVATION CUTOFF    
One-way carrier phase leveled to code                       OBSERVABLES USED    
[...]
chti chur cnmr coco conz cpxf crar cro1 ctwn daej darw dav1 COMMENT             
dgar dgav dhlg drao dubo ebre eprt etad etdd fair faiv fale COMMENT             
flin flrs frdn func ganp glsv gode gold gope gras graz guam COMMENT             
guat guug harb hers hert hnpt hob2 hofn holb holm hrao iddr COMMENT             
ieng iisc ineg invk iqal irkj irkt isba ispa joz2 joze jplv COMMENT             
karr kely kerg khaj khar kir0 kiru kokb kokv kouc kour lama COMMENT             
lck2 lcki lhaz lmmf lpal lpgs m0se mac1 madr mag0 mal2 mana COMMENT             
mas1 mat1 mate maui maw1 mccj mcil mdo1 mdvj medi mets metz COMMENT             
mizu mkea mnls mobj mobk mobs monp morp mqzg mtka nano nico COMMENT             
nist nklg nlib not1 novm nrc1 nril nrmd ntus nurk nya1 ohi2 COMMENT             
ohi3 onsa opmt pado palv park pbr2 pbri pdel penc pert pfa2 COMMENT             
pie1 pimo pol2 pots pove prds ptag ptbb qaq1 quin rabt ramo COMMENT             
rbay reso reun reyk rio2 riop rosa roth salu sch2 scor sele COMMENT             
sfer shao smst sofi spt0 sthl stjo suth sutv suwn sydn syog COMMENT             
tabv tah1 tah2 thti thu2 thu3 tid1 tidb tixg tixi tlse tn22 COMMENT             
tow2 tro1 tsea tskb twtf txes uclu ulab unb3 unbj unbn unbt COMMENT             
unsa urum urus usn3 usno usud vaco vald vesl vill vtsp wab2 COMMENT             
wes2 wgtn whit will wind wsrt wtza wtzr wtzs wtzz wuhn xmis COMMENT             
yakt yar2 yar3 yarr ycba yell yssk zeck zim2 zwe2           COMMENT             
                                                            END OF HEADER       
[from data line 5148]
    13                                                      START OF TEC MAP    
  2011    12     8     0     0     0                        EPOCH OF CURRENT MAP
    87.5-180.0 180.0   5.0 450.0                            LAT/LON1/LON2/DLON/H
  112  112  112  111  111  111  111  111  111  111  111  111  111  110  110  110
  110  110  110  109  109  109  109  109  109  109  109  110  110  110  111  112
  112  113  114  115  116  117  118  120  121  122  123  124  124  125  126  126
  126  126  126  126  126  125  125  124  123  123  122  121  120  119  118  117
  116  115  115  114  113  113  113  112  112
    85.0-180.0 180.0   5.0 450.0                            LAT/LON1/LON2/DLON/H
  103  103  104  104  105  106  106  106  107  107  107  107  106  106  105  105
  104  103  102  101  100   99   98   97   96   96   95   95   95   96   97   98
   99  101  103  105  108  111  114  117  120  123  125  128  130  132  133  135
  135  135  135  134  133  132  130  128  125  122  120  117  115  112  110  108
  106  105  103  103  102  102  102  102  103
    82.5-180.0 180.0   5.0 450.0                            LAT/LON1/LON2/DLON/H
   95   97   99  101  102  104  105  106  106  106  106  105  105  104  102  101
   99   98   96   94   92   90   87   85   83   81   80   79   78   78   78   79
   81   84   87   91   95  100  105  110  115  120  125  129  133  136  139  141
  142  142  141  139  137  134  130  126  122  117  112  107  103   99   95   92
   90   88   88   88   88   89   91   93   95
    80.0-180.0 180.0   5.0 450.0                            LAT/LON1/LON2/DLON/H
   94   98  102  105  108  110  111  111  111  110  109  107  105  103  100   98
   96   93   91   88   85   82   79   76   72   69   66   64   62   61   61   62
   64   67   71   76   81   88   94  101  108  115  122  128  133  137  140  142
  143  143  142  139  135  131  125  119  113  106   99   93   87   82   78   75
   73   72   73   74   77   81   85   89   94
    77.5-180.0 180.0   5.0 450.0                            LAT/LON1/LON2/DLON/H
  103  109  115  119  123  124  125  124  122  119  116  112  108  103   99   95
   92   89   86   83   80   77   74   70   65   61   57   53   50   48   48   48
   50   54   58   64   70   77   85   93  101  109  116  122  128  132  136  138
  138  137  135  131  127  121  114  107   99   92   84   77   71   65   62   59
   59   60   63   68   74   81   88   96  103
    75.0-180.0 180.0   5.0 450.0                            LAT/LON1/LON2/DLON/H
  123  131  138  143  146  147  146  143  139  134  127  120  112  105   98   92
   88   84   81   79   77   75   72   68   63   58   53   49   45   42   41   41
   43   46   51   56   63   70   77   85   92  100  107  113  118  122  125  126
  125  124  120  116  111  104   98   90   83   76   69   62   57   53   50   50
   52   56   62   70   80   91  102  113  123
    72.5-180.0 180.0   5.0 450.0                            LAT/LON1/LON2/DLON/H
  150  160  168  173  175  174  172  167  160  152  141  130  119  108   98   89
   83   79   77   76   75   74   72   69   65   59   54   48   44   40   39   39
   41   44   48   52   58   64   70   76   83   89   95  100  104  107  108  108
  107  104  100   95   89   83   77   71   66   60   55   51   48   46   46   49
   53   60   70   82   95  110  124  138  150
    70.0-180.0 180.0   5.0 450.0                            LAT/LON1/LON2/DLON/H
  179  190  197  201  203  201  197  191  182  172  159  144  129  113   99   88
   79   74   72   73   74   75   74   72   67   62   55   49   44   41   40   40
   41   44   47   50   54   58   62   66   71   76   80   84   87   89   89   87
   84   80   75   70   65   60   56   52   49   47   46   45   46   47   50   56
   63   73   85  100  116  133  150  166  179
    67.5-180.0 180.0   5.0 450.0                            LAT/LON1/LON2/DLON/H
  204  215  221  225  225  223  218  212  203  191  177  160  141  122  104   89
   78   72   70   71   73   75   75   73   69   63   56   49   44   41   40   40
   41   43   45   47   48   50   52   55   58   61   64   67   69   69   68   65
   61   56   51   46   41   38   36   35   35   37   40   44   48   54   61   69
   79   91  105  121  138  156  174  190  204
    65.0-180.0 180.0   5.0 450.0                            LAT/LON1/LON2/DLON/H
  222  231  237  239  239  237  232  227  219  208  194  177  156  134  113   94
   80   72   69   70   73   75   75   73   67   60   53   46   42   39   38   38
   39   40   41   40   40   40   40   42   44   46   49   51   53   52   51   47
   42   37   31   26   23   20   20   22   26   31   38   46   55   65   76   87
   98  111  125  141  158  176  193  209  222
    62.5-180.0 180.0   5.0 450.0                            LAT/LON1/LON2/DLON/H
  232  240  245  247  246  244  240  236  230  221  208  192  171  148  124  104
   87   77   72   72   73   74   73   69   63   55   47   41   37   35   34   35
   35   35   34   32   31   30   29   30   32   35   38   40   41   40   38   34
   29   24   18   14   11   10   11   15   21   29   39   51   64   78   92  105
  118  131  144  158  173  189  205  220  232
    60.0-180.0 180.0   5.0 450.0                            LAT/LON1/LON2/DLON/H
  237  245  250  251  251  248  245  241  236  229  218  204  184  162  138  116
   98   86   79   76   74   73   69   64   56   48   41   35   32   30   31   31
   31   30   28   25   23   22   22   24   27   30   32   35   36   35   33   29
   24   19   15   11    9    9   10   14   21   30   42   57   74   91  108  123
  137  149  161  173  186  200  213  226  237
    57.5-180.0 180.0   5.0 450.0                            LAT/LON1/LON2/DLON/H
  243  251  256  258  258  256  252  247  241  234  224  211  195  174  152  131
  112   98   88   81   76   71   65   58   50   42   36   32   30   30   30   30
   30   28   25   23   21   21   22   25   29   32   35   37   38   37   35   32
   27   23   19   17   15   15   17   20   26   35   48   64   82  102  121  139
  154  166  177  187  197  209  221  233  243
    55.0-180.0 180.0   5.0 450.0                            LAT/LON1/LON2/DLON/H
  254  262  268  272  273  270  264  256  247  237  227  215  201  184  165  145
  127  111   98   87   78   70   62   54   47   41   37   35   35   35   35   35
   33   31   29   27   26   28   31   35   40   43   46   47   47   46   44   41
   37   33   31   29   29   29   30   32   35   43   55   71   90  112  133  152
  168  181  191  201  210  221  232  243  254
    52.5-180.0 180.0   5.0 450.0                            LAT/LON1/LON2/DLON/H
  269  278  287  293  295  293  285  273  258  243  229  216  204  191  175  158
  140  123  107   93   81   70   61   54   49   46   46   46   47   47   47   45
   43   41   39   38   39   43   47   52   57   60   61   61   60   59   57   54
   51   48   46   46   46   47   47   46   48   53   64   79   99  121  143  163
  180  194  205  215  226  237  248  259  269
    50.0-180.0 180.0   5.0 450.0                            LAT/LON1/LON2/DLON/H
  287  296  306  315  320  319  311  294  273  251  233  218  206  195  183  167
  150  132  114   98   83   72   64   60   58   59   61   63   64   64   62   59
   57   55   54   55   57   62   67   72   76   78   78   77   76   74   73   70
   67   64   63   63   65   65   64   62   62   66   75   89  108  129  151  172
  190  205  218  230  243  255  266  277  287
    47.5-180.0 180.0   5.0 450.0                            LAT/LON1/LON2/DLON/H
  300  308  318  330  340  343  335  317  291  263  239  222  209  199  188  174
  157  138  118  101   86   77   72   71   73   77   80   83   83   81   77   73
   71   70   71   73   76   81   86   90   93   94   93   91   90   89   88   86
   82   79   78   79   81   82   80   77   76   78   87  101  119  139  160  180
  198  213  228  243  258  272  284  293  300
    45.0-180.0 180.0   5.0 450.0                            LAT/LON1/LON2/DLON/H
  304  308  317  330  345  353  351  334  307  277  249  229  215  205  194  179
  161  140  120  103   91   85   83   86   91   96   99  100   98   94   88   84
   82   82   85   88   92   96   99  102  104  104  103  102  101  102  102  100
   96   92   89   90   93   93   91   88   86   90  100  114  131  149  168  185
  202  218  234  251  268  284  295  301  304
    42.5-180.0 180.0   5.0 450.0                            LAT/LON1/LON2/DLON/H
  295  293  298  311  330  345  350  340  317  288  260  239  224  213  200  183
  163  142  122  107   98   95   98  103  108  112  113  112  107  101   93   89
   87   90   94   98  101  103  105  106  107  108  107  107  109  112  114  112
  107  100   97   97   99  100   97   93   93   99  112  128  145  161  176  191
  205  219  235  253  272  288  297  298  295
    40.0-180.0 180.0   5.0 450.0                            LAT/LON1/LON2/DLON/H
  277  268  267  277  297  318  332  331  316  293  268  249  235  223  208  189
  166  144  125  113  107  108  112  117  120  121  120  116  110  102   94   89
   89   93   98  103  105  105  104  104  105  106  108  110  114  119  122  120
  114  106  101  100  102  102   98   94   95  105  123  142  159  173  185  196
  208  220  234  251  270  285  291  287  277
    37.5-180.0 180.0   5.0 450.0                            LAT/LON1/LON2/DLON/H
  259  243  235  239  256  280  301  311  306  290  272  257  245  233  217  196
  172  150  132  122  118  120  124  126  125  123  119  116  111  104   96   92
   92   96  101  105  105  103  100  100  101  104  107  111  117  123  127  126
  118  108  102  101  102  100   95   90   94  109  131  154  172  185  195  204
  213  222  234  250  267  280  284  275  259
    35.0-180.0 180.0   5.0 450.0                            LAT/LON1/LON2/DLON/H
  256  236  221  218  227  247  270  286  289  282  271  260  252  241  225  204
  181  160  144  134  130  131  131  128  123  119  117  117  117  113  107  102
  100  103  107  108  106  102   99   98  100  105  110  115  120  126  130  128
  119  109  102  101  102   99   91   86   91  111  139  166  186  198  208  216
  224  232  242  256  271  282  284  274  256
    32.5-180.0 180.0   5.0 450.0                            LAT/LON1/LON2/DLON/H
  280  262  244  232  229  239  256  271  277  273  266  259  254  246  233  214
  193  174  158  147  141  137  132  125  118  115  119  128  136  138  133  126
  121  119  119  117  112  107  103  103  106  112  117  121  124  128  130  127
  119  109  103  102  102   98   89   83   90  114  147  178  200  213  224  234
  244  253  263  276  290  300  302  294  280
    30.0-180.0 180.0   5.0 450.0                            LAT/LON1/LON2/DLON/H
  341  332  317  296  278  271  274  280  280  273  263  257  253  249  239  224
  207  189  173  159  148  138  129  120  114  117  133  156  176  184  179  167
  155  146  140  133  126  119  116  116  120  125  129  130  129  128  128  124
  117  109  104  105  105  100   90   84   93  121  159  193  216  231  244  259
  275  288  301  316  330  340  344  344  341
    27.5-180.0 180.0   5.0 450.0                            LAT/LON1/LON2/DLON/H
  438  446  439  414  380  352  334  324  310  290  271  259  253  250  244  233
  220  205  187  168  151  137  126  119  119  135  166  205  237  249  241  222
  201  183  168  155  144  137  135  136  139  142  143  140  134  128  124  120
  115  110  107  109  110  105   95   90  102  134  175  211  236  253  271  293
  316  337  357  375  391  403  412  424  438
    25.0-180.0 180.0   5.0 450.0                            LAT/LON1/LON2/DLON/H
  559  590  598  573  527  478  438  406  371  333  297  272  260  255  250  243
  233  218  197  172  151  136  128  129  141  171  219  273  313  325  311  282
  250  221  198  179  165  158  156  157  158  159  156  148  137  126  119  115
  113  111  111  114  116  112  104  102  118  154  198  235  260  279  302  333
  366  397  426  451  470  484  499  524  559
    22.5-180.0 180.0   5.0 450.0                            LAT/LON1/LON2/DLON/H
  685  741  767  749  695  631  573  520  464  402  345  303  280  269  262  255
  245  228  203  174  151  141  142  155  182  227  289  351  393  399  375  334
  291  255  224  200  184  176  175  175  174  171  164  153  137  123  113  110
  111  112  115  119  121  119  114  117  139  180  226  264  289  310  338  376
  419  462  501  533  556  572  591  629  685
    20.0-180.0 180.0   5.0 450.0                            LAT/LON1/LON2/DLON/H
  792  870  915  907  855  785  717  651  576  493  414  354  317  295  282  270
  256  235  206  176  157  157  174  203  243  298  365  426  460  455  416  365
  315  274  240  213  196  189  188  186  182  175  165  152  134  118  107  105
  109  113  117  121  124  124  125  135  164  209  257  295  321  344  376  421
  472  524  573  613  639  654  674  719  792
    17.5-180.0 180.0   5.0 450.0                            LAT/LON1/LON2/DLON/H
  859  951 1013 1018  974  909  843  775  692  595  499  422  369  335  311  290
  269  243  211  184  174  190  225  270  319  374  434  483  500  477  425  366
  316  277  245  219  202  195  194  191  182  171  159  146  129  112  102  101
  107  114  118  121  123  127  134  152  188  238  288  326  352  377  413  461
  518  576  632  677  705  717  733  778  859
    15.0-180.0 180.0   5.0 450.0                            LAT/LON1/LON2/DLON/H
  875  971 1042 1058 1028  978  927  869  790  690  586  498  434  387  349  317
  286  254  222  201  206  241  295  350  399  443  483  508  502  459  395  335
  292  263  239  218  203  198  197  191  179  164  151  139  124  109   99   98
  106  113  116  117  119  126  140  167  209  262  313  352  380  408  446  496
  553  613  671  720  747  753  760  797  875
    12.5-180.0 180.0   5.0 450.0                            LAT/LON1/LON2/DLON/H
  843  931 1000 1024 1008  980  952  916  854  763  662  572  501  444  394  349
  309  273  243  232  254  308  375  433  470  490  501  495  463  403  333  279
  251  239  230  217  206  202  200  193  177  159  145  135  123  109   99   98
  105  111  113  111  113  123  144  178  225  279  331  370  400  431  472  521
  576  632  689  736  760  760  754  777  843
    10.0-180.0 180.0   5.0 450.0                            LAT/LON1/LON2/DLON/H
  775  846  904  928  925  918  918  910  872  801  714  632  562  500  441  386
  340  302  277  278  315  383  456  506  520  508  482  445  390  319  253  213
  206  217  224  222  215  212  210  201  182  162  147  138  128  115  104  101
  105  110  109  105  107  120  146  185  234  289  338  378  411  447  490  538
  586  635  686  729  749  742  725  730  775
     7.5-180.0 180.0   5.0 450.0                            LAT/LON1/LON2/DLON/H
  696  743  784  801  804  814  837  856  845  799  735  669  608  547  485  426
  376  340  322  335  383  457  525  556  540  491  430  367  299  229  174  155
  172  206  231  238  236  233  229  219  199  177  161  152  142  129  115  109
  109  110  107  102  104  119  148  190  239  290  336  376  413  453  499  545
  587  626  667  704  721  710  684  673  696
     5.0-180.0 180.0   5.0 450.0                            LAT/LON1/LON2/DLON/H
  630  652  672  678  680  698  736  774  786  766  726  681  635  583  524  466
  418  386  377  397  450  520  572  576  525  442  355  278  210  152  118  121
  161  214  254  268  267  262  257  246  227  204  187  177  166  151  134  123
  118  115  109  102  104  121  152  194  240  286  327  366  406  452  501  546
  581  610  640  670  685  675  647  626  630
     2.5-180.0 180.0   5.0 450.0                            LAT/LON1/LON2/DLON/H
  595  599  600  592  587  604  644  689  715  715  697  673  645  606  557  505
  463  438  435  459  508  562  590  562  481  374  274  198  145  110   99  124
  180  245  291  308  305  297  290  280  261  240  222  210  197  179  159  143
  133  125  116  108  110  128  159  199  240  279  315  352  394  444  497  542
  572  592  612  636  652  647  625  603  595
