TEC/CODG1400.04I
     1.0            IONOSPHERE MAPS     GNSS                IONEX VERSION / TYPE
ADDNEQ2 V5.1        AIUB                23-MAY-04 23:37     PGM / RUN BY / DATE 
CODE'S GLOBAL IONOSPHERE MAPS FOR DAY 140, 2004             COMMENT             
Global ionosphere maps (GIM) are generated on a daily basis DESCRIPTION         
at CODE using data from about 150 GPS sites of the IGS and  DESCRIPTION         
other institutions. The vertical total electron content     DESCRIPTION         
(VTEC) is modeled in a solar-geomagnetic reference frame    DESCRIPTION         
using a spherical harmonics expansion up to degree and      DESCRIPTION         
order 15. Piece-wise linear functions are used for          DESCRIPTION         
representation in the time domain. The time spacing of      DESCRIPTION         
their vertices is 2 hours, conforming with the epochs of    DESCRIPTION         
the VTEC maps. Instrumental biases, so-called differential  DESCRIPTION         
P1-P2 code biases (DCB), for all GPS satellites and ground  DESCRIPTION         
stations are estimated as constant values for each day,     DESCRIPTION         
simultaneously with the 13 times 256, or 3328 parameters    DESCRIPTION         
used to represent the global VTEC distribution. The DCB     DESCRIPTION         
datum is defined by a zero-mean condition imposed on the    DESCRIPTION         
satellite bias estimates. P1-C1 bias corrections are taken  DESCRIPTION         
into account if needed. To convert line-of-sight TEC into   DESCRIPTION         
vertical TEC, a modified single-layer model mapping         DESCRIPTION         
function approximating the JPL extended slab model mapping  DESCRIPTION         
function is adopted. The mapping function is evaluated at   DESCRIPTION         
geodetic satellite elevation angles. For the computation of DESCRIPTION         
the ionospheric pierce points, a spherical layer with a     DESCRIPTION         
radius of 6821 km is assumed, implying geocentric, not      DESCRIPTION         
geodetic IONEX latitudes.                                   DESCRIPTION         
Note: These GIM results correspond to the results for the   DESCRIPTION         
middle day of a 3-day combination analysis solving for 37   DESCRIPTION         
times 256, or 9472 VTEC parameters and one common set of    DESCRIPTION         
satellite and 24-hour receiver DCB constants.               DESCRIPTION         
Contact address: stefan.schaer or igsauto @aiub.unibe.ch    DESCRIPTION         
Web site:        http://www.aiub.unibe.ch/ionosphere/       DESCRIPTION         
Data archive:    ftp://ftp.unibe.ch/aiub/CODE/              DESCRIPTION         
                 http://www.aiub.unibe.ch/download/CODE/    DESCRIPTION         
  2004     5    19     0     0     0                        EPOCH OF FIRST MAP  
  2004     5    20     0     0     0                        EPOCH OF LAST MAP   
  7200                                                      INTERVAL            
    13                                                      # OF MAPS IN FILE   
  NONE                                                      MAPPING FUNCTION    
    10.0                                                    ELEVATION CUTOFF    
One-way carrier phase leveled to code                       OBSERVABLES USED    
[...]
 622  642  583  640  657  602  510  482  514  531  581  631 COMMENT             
 645                                                        COMMENT             
List of stations:                                           COMMENT             
albh algo alic alrt amc2 amun artu asc1 aspa auck bahr bako COMMENT             
bili bjfs bogt bor1 braz brmu brst brus cagl cas1 cedu chat COMMENT             
chpi chur coco conz crar cro1 daej daka darr darw dav1 davr COMMENT             
drao dubo dwh1 ebre fair flin fort glsv gode godz gold gope COMMENT             
goug gras graz guam guat hers hert hob2 hofn holb holm hrao COMMENT             
ieng iisc invk irkj irkt ispa jab1 joz2 joze karr kerg kgn0 COMMENT             
kir0 kiru kit3 kodk kour kstu kunm lae1 lama lhas lhaz lpal COMMENT             
lpgs mac1 madr mag0 mali manz mas1 mat1 mate maui maw1 mbar COMMENT             
mcm4 mdo1 mdvj medi mets metz mkea monp morp mtka nano nlib COMMENT             
not1 noum novj npld nrc1 nril nssp ntus nya1 obe2 obet onsa COMMENT             
opmt pado pdel pert petp pie1 pimo pol2 pots prds ptbb qaq1 COMMENT             
quin rabt ramo reso reun reyk reyz riog sant sch2 scub sele COMMENT             
sey1 sfer spt0 stjo str2 suwn syog thti thu2 thu3 tidb tixi COMMENT             
tlse tow2 tro1 tskb twtf uclu unb1 unsa usn1 usno usud vesl COMMENT             
vill wes2 whit wsrt wtza wtzj wtzr wtzz wuhn yakt yar2 yarr COMMENT             
yell ykro yssk zimj zimm zimz zwen                          COMMENT             
                                                            END OF HEADER       
     1                                                      START OF TEC MAP    
  2004     5    19     0     0     0                        EPOCH OF CURRENT MAP
    87.5-180.0 180.0   5.0 450.0                            LAT/LON1/LON2/DLON/H
  155  155  156  157  158  158  159  160  160  160  161  161  161  161  161  161
  161  160  160  159  158  158  157  156  155  154  153  153  152  151  150  149
  149  148  147  147  146  146  145  145  145  145  144  144  144  144  144  144
  144  144  144  144  144  144  144  144  144  145  145  146  146  147  147  148
  148  149  150  151  151  152  153  154  155
    85.0-180.0 180.0   5.0 450.0                            LAT/LON1/LON2/DLON/H
  156  158  160  161  163  164  166  167  168  169  170  170  171  171  171  171
  170  169  168  167  165  163  162  160  157  155  153  151  149  147  146  144
  143  142  142  141  141  141  141  141  141  141  141  141  141  141  141  141
  140  140  140  140  139  139  139  139  139  140  140  141  141  142  143  144
  145  146  147  149  150  152  153  155  156
    82.5-180.0 180.0   5.0 450.0                            LAT/LON1/LON2/DLON/H
  156  159  161  163  165  168  170  171  173  175  176  177  178  178  178  178
  177  176  175  173  170  168  164  161  157  153  150  146  143  140  138  136
  135  135  135  135  136  137  138  140  141  142  143  143  144  144  143  143
  142  141  140  139  139  138  137  137  137  137  137  137  138  138  139  140
  141  143  144  146  148  150  152  154  156
    80.0-180.0 180.0   5.0 450.0                            LAT/LON1/LON2/DLON/H
  155  158  160  163  166  168  171  173  175  177  178  179  180  181  182  182
  181  180  179  176  173  170  165  160  155  149  144  139  134  130  127  125
  125  125  127  129  132  136  139  142  145  148  150  151  151  151  150  149
  147  145  143  142  140  138  137  136  136  135  135  135  136  136  137  138
  139  140  142  143  145  147  150  152  155
    77.5-180.0 180.0   5.0 450.0                            LAT/LON1/LON2/DLON/H
  153  156  159  162  165  167  170  172  174  176  177  178  179  180  181  181
  181  181  180  178  175  171  165  159  152  145  137  130  124  119  115  113
  113  115  119  124  130  136  142  148  153  157  159  161  161  160  158  156
  153  150  147  144  142  140  138  137  136  136  135  135  135  136  136  136
  137  138  139  141  143  145  148  150  153
    75.0-180.0 180.0   5.0 450.0                            LAT/LON1/LON2/DLON/H
  151  154  158  161  163  166  168  170  172  173  174  175  176  177  178  178
  179  179  179  177  175  171  165  158  150  141  132  123  115  108  104  102
  103  106  112  119  128  137  146  153  160  165  168  170  169  168  165  162
  158  154  149  146  143  140  138  137  136  136  136  136  136  136  136  136
  136  137  138  139  141  143  146  148  151
    72.5-180.0 180.0   5.0 450.0                            LAT/LON1/LON2/DLON/H
  150  153  156  159  162  165  167  169  170  171  172  172  173  173  174  175
  176  176  177  177  175  172  166  159  150  140  129  119  109  101   95   93
   94   98  105  115  125  137  147  157  164  170  173  174  173  171  167  163
  158  153  149  145  141  139  137  136  136  136  136  136  136  136  136  135
  135  136  136  138  140  142  145  147  150
    70.0-180.0 180.0   5.0 450.0                            LAT/LON1/LON2/DLON/H
  150  153  156  159  161  164  166  168  169  170  171  171  171  171  171  172
  173  175  176  176  176  173  169  162  153  142  131  119  108   98   91   88
   88   92  100  110  122  134  145  155  162  167  170  170  169  167  163  159
  154  149  145  141  138  135  134  134  135  136  136  137  137  136  136  135
  135  135  136  138  140  143  145  148  150
    67.5-180.0 180.0   5.0 450.0                            LAT/LON1/LON2/DLON/H
  152  154  156  158  160  162  165  167  168  170  171  171  171  171  172  172
  173  175  176  177  177  176  172  166  158  148  136  124  112  101   92   87
   86   89   95  105  116  128  138  147  154  158  159  159  158  156  153  150
  147  143  139  135  133  131  131  132  133  135  137  138  138  137  136  136
  136  136  138  140  143  145  148  150  152
    65.0-180.0 180.0   5.0 450.0                            LAT/LON1/LON2/DLON/H
  155  156  156  157  159  160  162  165  167  169  171  173  174  174  175  175
  176  177  178  179  180  179  176  171  164  155  144  132  120  108   98   91
   87   87   92   99  109  119  128  135  140  142  143  143  142  141  140  139
  137  135  133  130  128  127  128  130  133  136  138  140  140  139  138  138
  138  140  142  145  148  151  153  154  155
    62.5-180.0 180.0   5.0 450.0                            LAT/LON1/LON2/DLON/H
  160  159  158  158  158  158  159  161  164  167  170  173  176  177  179  179
  180  180  181  182  182  182  179  175  170  162  153  143  131  119  108   98
   91   88   89   94  101  109  116  121  124  124  124  124  124  125  126  128
  129  129  128  127  126  126  128  131  134  139  142  144  144  144  143  143
  143  146  149  153  157  159  161  161  160
    60.0-180.0 180.0   5.0 450.0                            LAT/LON1/LON2/DLON/H
  167  165  162  160  158  157  157  158  160  163  168  172  176  179  182  183
  183  184  184  184  184  184  182  178  174  168  162  153  143  131  119  107
   97   91   89   91   95  101  105  108  109  108  107  107  108  111  115  119
  123  125  127  127  128  129  131  135  140  145  148  151  151  151  150  150
  151  155  159  164  167  170  170  169  167
    57.5-180.0 180.0   5.0 450.0                            LAT/LON1/LON2/DLON/H
  176  173  170  166  162  159  157  156  156  159  163  168  174  178  182  184
  185  185  185  186  185  185  183  180  177  173  168  162  154  143  130  117
  105   96   91   90   93   96  100  101  100   98   96   96   98  102  108  114
  120  125  128  131  133  135  139  144  149  154  158  160  161  160  159  159
  161  165  170  175  179  181  181  179  176
    55.0-180.0 180.0   5.0 450.0                            LAT/LON1/LON2/DLON/H
  186  183  180  176  172  166  162  158  156  156  159  164  169  174  179  181
  183  184  185  186  186  185  184  181  179  176  173  169  163  153  141  127
  114  103   96   94   95   98  100  100   98   96   93   93   95   99  105  112
  120  127  132  137  141  146  150  156  161  166  169  171  171  170  169  170
  172  177  182  187  190  192  191  189  186
    52.5-180.0 180.0   5.0 450.0                            LAT/LON1/LON2/DLON/H
  197  196  194  191  186  180  173  166  161  158  158  160  164  169  173  176
  178  180  182  185  186  187  186  183  181  179  177  174  169  161  150  137
  123  112  105  102  103  105  106  106  104  100   98   96   98  101  107  113
  121  129  137  144  151  158  164  169  174  178  181  182  181  180  179  180
  183  187  192  196  199  200  200  198  197
    50.0-180.0 180.0   5.0 450.0                            LAT/LON1/LON2/DLON/H
  207  209  209  208  204  198  190  182  174  167  162  161  162  164  167  170
  173  176  180  184  188  190  189  187  184  182  180  177  173  167  157  146
  134  124  117  114  114  116  117  117  114  111  108  106  106  107  111  115
  122  130  140  150  160  169  177  183  187  190  191  190  189  187  187  188
  191  194  199  203  205  206  206  207  207
    47.5-180.0 180.0   5.0 450.0                            LAT/LON1/LON2/DLON/H
  217  221  225  226  224  220  212  204  194  184  175  168  165  164  165  166
  168  172  178  185  191  195  196  194  190  187  184  181  177  171  164  155
  146  137  132  129  129  130  130  129  127  123  120  118  116  115  115  117
  122  130  141  154  166  178  187  193  197  198  197  195  193  192  192  193
  195  199  203  206  208  210  211  213  217
    45.0-180.0 180.0   5.0 450.0                            LAT/LON1/LON2/DLON/H
  226  233  239  243  243  241  236  229  220  208  195  183  175  170  167  166
  168  172  179  188  197  203  205  202  198  194  189  185  180  175  170  164
  158  152  147  145  144  143  143  141  138  136  133  130  127  123  120  119
  121  128  139  153  169  182  193  200  202  202  199  196  194  193  193  195
  198  200  204  207  210  213  216  220  226
    42.5-180.0 180.0   5.0 450.0                            LAT/LON1/LON2/DLON/H
  237  245  252  256  258  258  258  255  248  237  221  205  191  182  176  173
  172  176  184  194  205  212  215  213  208  202  196  190  184  180  176  173
  170  166  162  159  157  155  153  150  148  145  143  140  136  131  125  121
  120  124  135  150  167  182  194  201  204  202  198  194  192  191  193  195
  198  200  204  208  212  217  223  229  237
    40.0-180.0 180.0   5.0 450.0                            LAT/LON1/LON2/DLON/H
  251  258  265  268  270  272  276  279  276  266  250  230  213  200  192  186
  183  185  192  203  214  222  224  222  218  211  204  196  189  185  183  182
  181  179  175  171  167  164  160  157  154  153  151  148  144  138  130  123
  120  121  130  144  161  178  191  199  202  200  196  192  189  190  192  195
  197  200  204  210  218  226  234  242  251
    37.5-180.0 180.0   5.0 450.0                            LAT/LON1/LON2/DLON/H
  269  276  279  280  281  284  291  299  302  295  279  257  238  223  212  204
  199  198  204  214  224  231  233  231  226  220  212  204  195  190  189  189
  190  189  185  180  174  169  164  161  159  157  156  154  150  143  136  128
  121  120  125  137  153  170  184  194  198  198  194  190  188  189  192  195
  198  202  208  217  228  240  251  261  269
    35.0-180.0 180.0   5.0 450.0                            LAT/LON1/LON2/DLON/H
  294  299  300  297  295  298  307  319  326  322  306  285  264  248  236  226
  218  215  218  225  234  239  240  237  233  228  221  211  202  196  194  195
  195  194  189  183  177  171  166  163  161  161  160  157  153  148  141  133
  125  121  122  130  144  161  176  188  195  196  195  192  190  191  194  198
  201  206  215  227  244  260  274  286  294
    32.5-180.0 180.0   5.0 450.0                            LAT/LON1/LON2/DLON/H
  324  328  328  323  318  319  328  342  352  349  334  311  290  273  260  249
  239  232  232  237  243  246  245  242  239  235  229  220  209  201  198  197
  197  194  189  182  176  171  167  165  164  163  161  158  154  150  145  138
  130  123  120  125  137  153  169  183  193  197  198  197  195  196  199  203
  208  214  225  242  263  284  302  315  324
    30.0-180.0 180.0   5.0 450.0                            LAT/LON1/LON2/DLON/H
  357  363  363  358  352  351  359  372  382  379  363  340  318  300  286  273
  260  251  247  249  252  252  250  247  244  242  237  228  216  206  199  196
  193  188  183  177  172  168  166  164  164  163  161  156  151  148  146  142
  135  126  120  122  131  147  164  180  193  201  205  205  204  204  206  211
  217  225  239  259  284  309  330  346  357
    27.5-180.0 180.0   5.0 450.0                            LAT/LON1/LON2/DLON/H
  389  399  403  401  397  395  402  413  420  415  397  372  349  330  314  298
  282  270  264  262  262  260  256  252  251  249  245  236  222  209  199  191
  185  178  172  167  163  162  161  161  162  161  156  150  145  143  143  143
  137  128  120  120  129  144  162  180  196  207  214  216  215  214  216  221
  229  239  254  276  303  331  355  374  389
    25.0-180.0 180.0   5.0 450.0                            LAT/LON1/LON2/DLON/H
  415  431  443  448  448  449  454  463  466  458  437  410  385  364  345  325
  306  291  281  277  274  270  265  260  258  257  253  242  227  210  195  183
  173  164  157  153  151  152  152  154  155  153  148  140  134  133  136  139
  136  128  120  119  128  144  163  182  200  214  224  227  227  226  228  234
  243  254  270  293  320  348  374  396  415
    22.5-180.0 180.0   5.0 450.0                            LAT/LON1/LON2/DLON/H
  432  455  475  490  498  504  510  517  517  505  482  454  427  403  380  356
  333  314  302  295  290  284  276  271  267  265  259  246  228  208  189  172
  159  148  140  136  136  137  139  141  142  141  136  127  120  120  125  131
  131  125  119  119  129  146  166  185  204  221  233  239  239  239  241  249
  259  272  288  308  333  359  385  408  432
    20.0-180.0 180.0   5.0 450.0                            LAT/LON1/LON2/DLON/H
  437  465  494  519  538  551  561  567  565  552  529  501  473  446  418  389
  363  341  326  316  308  299  290  282  276  270  262  247  226  202  179  160
  144  131  123  119  119  120  121  123  125  125  121  112  105  106  113  121
  123  119  115  118  130  149  168  188  207  226  241  249  251  252  256  265
  279  292  306  323  343  365  388  412  437
    17.5-180.0 180.0   5.0 450.0                            LAT/LON1/LON2/DLON/H
  434  464  498  531  560  581  596  604  602  590  570  545  518  489  457  425
  395  370  352  339  327  316  304  292  282  273  261  244  220  193  168  146
  129  117  108  104  102  101  101  103  106  108  106   99   93   93  101  110
  114  112  111  116  130  149  169  189  209  229  247  258  263  266  272  285
  300  315  327  339  353  370  388  409  434
    15.0-180.0 180.0   5.0 450.0                            LAT/LON1/LON2/DLON/H
  426  453  488  525  561  590  611  621  622  613  598  580  556  528  494  459
  427  400  380  362  346  330  314  299  284  270  255  235  209  181  155  134
  118  106   98   92   89   86   84   86   90   94   95   90   85   85   92  101
  105  105  105  112  128  147  167  187  207  230  251  266  275  281  290  306
  324  340  351  358  366  377  390  405  426
    12.5-180.0 180.0   5.0 450.0                            LAT/LON1/LON2/DLON/H
  420  440  470  506  544  578  603  616  620  616  609  598  581  555  522  487
  455  428  405  384  363  342  320  299  279  261  243  222  195  167  142  123
  111  102   95   88   82   77   74   75   80   86   89   87   83   83   88   95
   99   98   99  107  122  141  162  182  204  228  253  272  286  296  309  327
  348  366  376  380  384  389  397  407  420
    10.0-180.0 180.0   5.0 450.0                            LAT/LON1/LON2/DLON/H
  423  433  453  482  518  552  578  593  598  599  599  598  589  568  538  505
  475  450  426  400  374  347  320  294  269  247  227  206  180  153  131  117
  109  105   99   91   84   77   73   74   79   86   91   90   87   86   89   93
   95   94   94  100  113  131  152  173  197  225  253  277  295  310  326  348
  371  390  401  404  406  409  414  418  423
     7.5-180.0 180.0   5.0 450.0                            LAT/LON1/LON2/DLON/H
  437  437  445  464  493  523  546  559  564  567  573  580  579  565  539  511
  485  462  438  410  378  346  314  283  254  230  210  190  167  142  124  115
  114  114  110  103   95   88   84   84   88   94   98   97   94   91   92   93
   93   91   89   92  102  118  138  162  189  219  251  279  301  320  339  363
  388  409  422  428  431  435  439  440  437
     5.0-180.0 180.0   5.0 450.0                            LAT/LON1/LON2/DLON/H
  464  456  453  461  479  501  519  526  527  530  538  550  556  548  528  505
  484  464  441  411  376  340  303  268  237  212  194  177  157  136  121  118
  123  128  127  121  113  106  103  102  104  107  108  106  101   96   94   94
   93   89   85   84   90  103  123  149  179  212  245  276  302  324  346  370
  396  419  435  445  454  462  469  470  464
     2.5-180.0 180.0   5.0 450.0                            LAT/LON1/LON2/DLON/H
  497  486  476  475  484  497  506  506  500  497  503  516  526  523  508  489
  473  456  435  404  368  329  290  253  221  198  183  171  154  136  124  125
  135  144  147  142  134  129  125  124  122  120  117  111  104   98   95   94
   92   88   82   77   77   87  107  135  167  201  235  267  295  320  343  368
  393  417  437  453  469  484  497  502  497
