TEC/CODG3240.12I
     1.0            IONOSPHERE MAPS     GNSS                IONEX VERSION / TYPE
ADDNEQ2 V5.3        AIUB                23-NOV-12 20:37     PGM / RUN BY / DATE 
CODE'S GLOBAL IONOSPHERE MAPS FOR DAY 324, 2012             COMMENT             
Global ionosphere maps (GIM) are generated on a daily basis DESCRIPTION         
at CODE using data from about 150 GPS sites of the IGS and  DESCRIPTION         
other institutions. The vertical total electron content     DESCRIPTION         
(VTEC) is modeled in a solar-geomagnetic reference frame    DESCRIPTION         
using a spherical harmonics expansion up to degree and      DESCRIPTION         
order 15. Piece-wise linear functions are used for          DESCRIPTION         
representation in the time domain. The time spacing of      DESCRIPTION         
their vertices is 2 hours, conforming with the epochs of    DESCRIPTION         
the VTEC maps. Instrumental biases, so-called differential  DESCRIPTION         
P1-P2 code biases (DCB), for all GPS satellites and ground  DESCRIPTION         
stations are estimated as constant values for each day,     DESCRIPTION         
simultaneously with the 13 times 256, or 3328 parameters    DESCRIPTION         
used to represent the global VTEC distribution. The DCB     DESCRIPTION         
datum is defined by a zero-mean condition imposed on the    DESCRIPTION         
satellite bias estimates. P1-C1 bias corrections are taken  DESCRIPTION         
into account if needed. To convert line-of-sight TEC into   DESCRIPTION         
vertical TEC, a modified single-layer model mapping         DESCRIPTION         
function approximating the JPL extended slab model mapping  DESCRIPTION         
function is adopted. The mapping function is evaluated at   DESCRIPTION         
geodetic satellite elevation angles. For the computation of DESCRIPTION         
the ionospheric pierce points, a spherical layer with a     DESCRIPTION         
radius of 6821 km is assumed, implying geocentric, not      DESCRIPTION         
geodetic IONEX latitudes.                                   DESCRIPTION         
Note: These GIM results correspond to the results for the   DESCRIPTION         
middle day of a 3-day combination analysis solving for 37   DESCRIPTION         
times 256, or 9472 VTEC parameters and one common set of    DESCRIPTION         
satellite and 24-hour receiver DCB constants.               DESCRIPTION         
Contact address: stefan.schaer or code @aiub.unibe.ch       DESCRIPTION         
Web page:        www.aiub.unibe.ch/content/ionosphere/      DESCRIPTION         
Data archive:    ftp.unibe.ch/aiub/CODE/                    DESCRIPTION         
                 www.aiub.unibe.ch/download/CODE/           DESCRIPTION         
  2012    11    19     0     0     0                        EPOCH OF FIRST MAP  
  2012    11    20     0     0     0                        EPOCH OF LAST MAP   
  7200                                                      INTERVAL            
    13                                                      # OF MAPS IN FILE   
  NONE                                                      MAPPING FUNCTION    
    10.0                                                    ELEVATION CUTOFF    
One-way carrier phase leveled to code                       OBSERVABLES USED    
[...]
fair faiv fale flin flrs frdn func ganp glps glsv gmsd gold COMMENT             
gope gras graz guam guat guug harb harv hers hert hnpt hob2 COMMENT             
hofn hofs holb holm hrao iddr ieng iisc ilha ineg invk iqui COMMENT             
irkj irkt isba joz2 joze karr kat1 kely kerg khar kir0 kiru COMMENT             
kit3 kokb kokv kosg kouc lama lck2 lcki lhaz lmmf lpal lpgs COMMENT             
m0se mac1 mag0 mal2 mana mas1 mat1 mate maui maw1 mbar mccj COMMENT             
mcm4 mdo1 mdvj medi mets mizu mkea mnls mobj mobk mobs monp COMMENT             
morp mqzg nano nico nist nklg nlib not1 novm nrc1 nril nrmd COMMENT             
ntus nurk nya1 ohi2 ohi3 onsa opmt pado palv park pbr2 pbri COMMENT             
pdel penc pert pfa2 pimo pol2 pots pove prds ptag ptbb qaq1 COMMENT             
quin rabt ramo rcmn recf reso reun reyk rio2 riop rosa roth COMMENT             
salu sant savo sch2 scor sele sey1 sfer shao smst sofi spt0 COMMENT             
ssia sthl stjo stk2 str2 suth sutv suwn sydn syog tabv tah1 COMMENT             
tah2 tash thti thu2 thu3 tid1 tidb tixg tixi tlse tn22 tow2 COMMENT             
tro1 tsea tskb twtf txes uclu ufpr ulab unb3 unbj unbn unbt COMMENT             
unsa untr urum urus usn3 usno usud vaco vald vesl vill vtsp COMMENT             
wab1 wab2 wes2 wgtn whit will wind wsrt wtza wtzr wtzs wtzz COMMENT             
wuhn xmis yakt yar2 yar3 yarr ycba yell yssk zamb zeck zim2 COMMENT             
zimm                                                        COMMENT             
                                                            END OF HEADER       
[from data line 2574]
     7                                                      START OF TEC MAP    
  2012    11    19    12     0     0                        EPOCH OF CURRENT MAP
    87.5-180.0 180.0   5.0 450.0                            LAT/LON1/LON2/DLON/H
   63   64   66   67   68   69   69   70   71   71   72   72   72   73   73   73
   72   72   72   71   70   70   69   68   67   66   65   63   62   61   59   58
   56   55   53   52   50   49   47   46   45   44   43   42   41   40   40   39
   39   39   39   40   40   40   41   42   43   44   45   46   47   48   50   51
   52   54   55   56   58   59   61   62   63
    85.0-180.0 180.0   5.0 450.0                            LAT/LON1/LON2/DLON/H
   66   68   70   72   73   75   76   77   78   79   80   80   81   81   81   81
   81   80   80   79   79   78   77   75   74   72   71   69   67   64   62   60
   57   54   52   49   46   43   41   38   36   34   32   30   29   27   27   26
   26   26   26   27   28   29   30   31   33   35   36   38   40   42   44   47
   49   51   53   55   58   60   62   64   66
    82.5-180.0 180.0   5.0 450.0                            LAT/LON1/LON2/DLON/H
   65   67   69   71   73   74   75   77   77   78   79   79   79   80   80   80
   80   80   80   80   79   79   78   77   76   75   74   73   71   69   67   64
   62   59   55   52   49   45   42   38   35   32   30   27   26   24   23   23
   23   23   24   24   26   27   28   30   32   34   36   37   39   41   43   45
   48   50   52   54   56   58   61   63   65
    80.0-180.0 180.0   5.0 450.0                            LAT/LON1/LON2/DLON/H
   61   63   65   66   68   69   70   70   71   71   71   71   71   71   71   71
   72   72   73   73   74   74   75   75   75   75   75   75   75   75   74   73
   71   69   67   64   61   57   53   50   46   43   40   38   36   34   33   33
   33   33   34   35   36   37   38   39   40   42   43   44   45   46   47   48
   49   50   51   53   54   56   58   59   61
    77.5-180.0 180.0   5.0 450.0                            LAT/LON1/LON2/DLON/H
   56   58   59   60   61   62   62   62   61   60   60   59   58   58   58   59
   60   62   63   65   66   68   69   71   72   74   76   78   80   82   84   85
   86   86   85   84   82   79   76   73   69   66   63   61   59   57   56   55
   55   55   55   55   56   56   56   55   55   55   55   55   54   54   54   53
   53   53   52   52   53   53   54   55   56
    75.0-180.0 180.0   5.0 450.0                            LAT/LON1/LON2/DLON/H
   52   53   55   56   56   56   56   55   53   51   49   48   47   46   47   48
   50   52   55   57   60   62   65   67   70   73   77   81   86   91   96  100
  104  107  110  110  110  109  107  105  102   99   96   93   91   89   87   86
   85   83   82   81   79   77   75   73   71   69   67   66   64   62   61   59
   57   55   54   52   51   51   51   51   52
    72.5-180.0 180.0   5.0 450.0                            LAT/LON1/LON2/DLON/H
   50   51   52   53   54   55   54   52   50   47   44   41   39   39   39   41
   44   47   51   54   58   61   63   66   70   74   79   86   93  101  110  118
  125  131  136  140  142  143  142  141  138  136  133  129  126  123  120  117
  114  111  107  103   98   93   88   84   80   76   73   71   69   67   65   62
   60   57   55   53   51   49   49   49   50
    70.0-180.0 180.0   5.0 450.0                            LAT/LON1/LON2/DLON/H
   48   50   52   54   55   56   55   54   51   47   43   40   38   37   38   40
   44   48   52   56   60   63   66   69   73   78   84   92  101  112  124  135
  145  154  162  168  172  174  175  175  173  170  167  163  158  153  147  142
  136  130  122  115  107   98   91   84   78   73   70   68   66   64   63   61
   59   56   54   52   50   48   47   47   48
    67.5-180.0 180.0   5.0 450.0                            LAT/LON1/LON2/DLON/H
   47   49   51   54   56   58   58   57   54   51   46   43   40   39   41   44
   48   52   57   62   65   69   71   74   78   83   90   99  110  123  137  150
  163  174  183  191  196  200  202  202  201  198  194  188  181  173  165  156
  147  137  126  115  103   91   81   71   64   60   57   56   55   55   55   54
   54   52   51   49   47   46   46   46   47
    65.0-180.0 180.0   5.0 450.0                            LAT/LON1/LON2/DLON/H
   45   47   50   53   56   58   60   59   58   54   51   47   45   44   46   49
   53   58   62   66   70   73   76   80   84   89   97  107  119  134  149  164
  178  189  199  207  213  217  219  221  220  217  211  203  193  182  171  158
  146  133  120  105   91   76   63   52   44   39   38   38   39   41   43   44
   45   45   45   45   44   44   44   44   45
    62.5-180.0 180.0   5.0 450.0                            LAT/LON1/LON2/DLON/H
   43   44   46   48   51   54   56   58   57   55   53   50   48   48   50   52
   56   60   64   67   71   75   79   83   88   95  103  114  128  143  159  175
  189  201  210  217  222  226  229  230  229  226  219  209  197  183  168  153
  139  125  109   93   76   60   44   32   24   20   19   21   24   28   31   33
   35   37   39   40   40   41   41   42   43
    60.0-180.0 180.0   5.0 450.0                            LAT/LON1/LON2/DLON/H
   41   41   41   41   43   45   48   51   52   52   51   50   49   50   51   53
   55   58   60   63   66   71   77   83   91   99  109  121  135  152  169  185
  199  210  218  224  228  230  232  234  233  229  222  211  197  180  163  147
  132  118  103   86   69   51   35   22   13   10   10   12   16   20   23   26
   29   32   34   36   38   40   40   41   41
    57.5-180.0 180.0   5.0 450.0                            LAT/LON1/LON2/DLON/H
   41   39   36   34   33   34   37   40   43   45   46   46   47   48   49   50
   51   52   52   54   57   64   72   82   92  103  114  127  142  160  178  195
  210  220  227  231  232  234  234  235  234  231  224  212  197  180  162  146
  132  119  106   91   74   56   40   26   17   13   13   16   19   21   24   26
   29   32   35   37   40   41   42   42   41
    55.0-180.0 180.0   5.0 450.0                            LAT/LON1/LON2/DLON/H
   46   42   37   31   26   25   26   29   33   36   39   40   42   44   45   46
   45   44   42   42   47   55   67   80   93  106  119  132  148  167  187  205
  221  231  237  240  240  239  238  238  237  234  228  218  203  186  169  154
  141  131  120  108   93   76   59   45   36   31   30   31   32   33   34   35
   37   39   41   44   46   48   49   49   46
    52.5-180.0 180.0   5.0 450.0                            LAT/LON1/LON2/DLON/H
   57   52   44   34   26   21   20   22   26   30   33   35   38   40   42   42
   40   37   34   34   38   49   64   81   97  111  124  138  154  174  195  216
  233  244  251  252  251  249  246  245  243  241  237  229  216  201  184  170
  159  151  143  133  120  103   87   72   62   57   55   54   54   53   52   51
   52   53   55   56   57   59   60   60   57
    50.0-180.0 180.0   5.0 450.0                            LAT/LON1/LON2/DLON/H
   73   68   58   46   34   26   22   23   26   30   32   34   36   38   40   41
   39   35   31   31   36   49   66   86  104  119  131  144  160  180  203  225
  244  258  265  267  266  263  259  256  254  253  251  245  235  221  205  191
  180  173  166  158  145  130  113   99   89   83   80   78   76   74   72   71
   71   71   72   72   72   73   74   75   73
    47.5-180.0 180.0   5.0 450.0                            LAT/LON1/LON2/DLON/H
   91   87   77   64   51   40   35   34   35   37   37   37   38   40   42   44
   43   39   36   36   42   56   76   97  115  130  141  151  166  186  209  233
  254  269  278  282  282  279  275  271  269  268  267  264  256  243  226  211
  199  190  182  173  160  144  128  114  105  100   97   95   93   90   89   89
   89   90   89   87   86   87   89   91   91
    45.0-180.0 180.0   5.0 450.0                            LAT/LON1/LON2/DLON/H
  105  104   97   85   72   61   54   51   51   50   48   46   44   45   47   50
   50   49   47   48   55   70   91  113  131  144  153  161  173  192  215  239
  260  275  286  293  296  296  293  289  286  285  284  282  275  261  244  225
  209  196  185  173  158  141  126  114  106  103  101  101   99   98   99  100
  102  103  102   99   97   97   99  103  105
    42.5-180.0 180.0   5.0 450.0                            LAT/LON1/LON2/DLON/H
  111  113  110  102   92   82   75   72   70   67   63   58   54   53   56   59
   61   62   62   65   73   89  110  131  149  161  167  173  183  199  220  242
  262  277  290  300  308  312  312  308  304  302  300  297  289  275  255  233
  212  194  177  160  142  125  110  100   95   95   96   97   98   99  101  104
  107  109  108  104  101   99  102  106  111
    40.0-180.0 180.0   5.0 450.0                            LAT/LON1/LON2/DLON/H
  105  110  112  109  103   96   91   88   86   83   77   71   65   63   65   69
   73   76   78   83   93  109  129  151  168  178  183  186  194  208  226  245
  261  276  289  303  317  326  330  329  325  320  316  310  300  284  262  237
  213  190  167  145  123  104   91   84   83   85   89   92   94   96   99  103
  107  108  106  102   97   95   95   99  105
    37.5-180.0 180.0   5.0 450.0                            LAT/LON1/LON2/DLON/H
   87   93   98  102  101   99   96   95   94   92   88   82   77   74   76   79
   84   88   93  100  111  127  147  167  185  195  199  201  207  218  234  249
  262  274  288  306  325  342  351  353  348  341  333  323  311  293  272  248
  223  197  170  142  117   97   85   81   83   88   94   98  100  101  102  104
  105  105  102   96   90   85   82   83   87
    35.0-180.0 180.0   5.0 450.0                            LAT/LON1/LON2/DLON/H
   59   64   72   80   85   87   88   89   90   92   91   89   86   85   85   88
   92   98  105  114  126  141  160  181  198  209  213  215  221  231  245  258
  268  278  292  313  338  360  376  381  377  368  355  342  327  311  293  274
  252  228  199  168  140  119  108  105  110  116  122  125  125  121  117  114
  111  106  100   92   83   74   66   60   59
    32.5-180.0 180.0   5.0 450.0                            LAT/LON1/LON2/DLON/H
   30   30   38   49   58   64   66   70   75   82   88   91   93   93   94   95
   98  104  113  124  137  153  171  191  208  220  225  228  234  246  260  273
  282  291  307  330  359  386  407  416  414  403  387  371  356  343  333  323
  311  292  265  233  202  180  169  167  171  177  182  181  175  165  153  141
  130  119  108   97   84   69   53   39   30
    30.0-180.0 180.0   5.0 450.0                            LAT/LON1/LON2/DLON/H
    7    0    5   16   27   34   37   42   51   64   77   88   95   99  100  100
  102  108  118  132  146  162  178  197  215  227  233  237  246  262  280  295
  307  319  336  361  391  421  444  457  458  447  430  413  400  394  395  399
  399  389  366  334  302  279  266  263  265  269  269  264  251  232  210  188
  168  149  132  115   98   77   52   26    7
    27.5-180.0 180.0   5.0 450.0                            LAT/LON1/LON2/DLON/H
    0    0    0    0    1    6    9   14   25   42   62   80   93  101  103  102
  103  109  122  138  155  170  186  203  219  231  237  243  256  277  303  326
  344  360  380  406  434  463  487  503  507  499  483  468  461  464  477  495
  509  509  492  461  428  402  386  380  378  376  372  362  342  315  283  252
  223  196  172  150  127  100   66   30    0
    25.0-180.0 180.0   5.0 450.0                            LAT/LON1/LON2/DLON/H
   13    0    0    0    0    0    0    0    3   23   47   70   87   98  101  101
  102  110  125  145  164  180  193  208  222  233  238  246  264  293  329  362
  389  413  436  461  485  509  531  549  557  554  544  534  533  545  570  601
  626  635  622  591  556  526  507  494  486  479  471  456  431  398  360  323
  289  256  225  198  170  138   97   52   13
    22.5-180.0 180.0   5.0 450.0                            LAT/LON1/LON2/DLON/H
   47   16    1    0    0    0    0    0    0   10   34   59   78   90   95   96
   99  110  129  153  175  190  202  214  226  234  239  249  272  310  357  401
  439  470  497  520  538  555  573  592  605  609  605  602  608  628  661  699
  731  744  732  700  662  628  602  582  567  554  543  526  499  464  425  388
  353  318  284  252  221  185  141   92   47
    20.0-180.0 180.0   5.0 450.0                            LAT/LON1/LON2/DLON/H
   98   63   42   27   15    1    0    0    0    6   27   49   66   78   84   88
   94  108  132  161  186  202  213  222  231  237  242  254  283  330  387  442
  488  527  556  576  587  596  609  628  645  656  661  666  678  702  736  775
  806  818  803  767  724  685  653  625  602  584  571  555  530  497  463  433
  403  371  336  302  270  235  192  143   98
    17.5-180.0 180.0   5.0 450.0                            LAT/LON1/LON2/DLON/H
  156  122   96   73   51   29   12    3    3   12   27   42   55   65   72   78
   88  107  136  169  197  214  224  231  238  244  251  266  301  354  418  480
  532  574  605  621  625  626  635  654  676  694  706  718  734  757  786  817
  841  845  824  784  736  691  652  615  585  563  550  537  516  490  466  447
  428  403  371  338  308  277  240  198  156
    15.0-180.0 180.0   5.0 450.0                            LAT/LON1/LON2/DLON/H
  211  181  153  123   92   64   43   30   25   27   32   39   46   53   60   69
   84  107  139  176  207  225  235  242  250  258  268  288  327  385  451  514
  567  609  638  651  650  646  652  671  697  720  738  753  769  787  805  823
  834  829  801  755  703  654  607  563  524  499  487  477  463  445  432  428
  424  409  383  353  327  303  276  244  211
    12.5-180.0 180.0   5.0 450.0                            LAT/LON1/LON2/DLON/H
  253  230  202  167  130   97   74   59   51   46   43   42   43   46   52   64
   82  108  144  182  215  235  246  254  265  278  294  319  362  421  485  543
  591  628  654  664  661  656  662  682  709  734  754  771  783  791  795  798
  796  781  747  698  644  592  540  488  443  414  402  395  385  374  372  383
  393  389  370  346  325  309  293  273  253
    10.0-180.0 180.0   5.0 450.0                            LAT/LON1/LON2/DLON/H
  273  258  233  196  155  121   98   85   74   65   56   50   45   45   51   64
   84  112  149  189  222  244  257  269  285  305  328  359  404  460  518  566
  604  634  655  664  663  660  668  689  715  739  758  772  778  775  765  755
  743  723  687  638  586  533  478  419  367  334  321  315  306  298  304  324
  346  352  340  320  305  296  289  282  273
     7.5-180.0 180.0   5.0 450.0                            LAT/LON1/LON2/DLON/H
  269  263  242  206  165  132  112  101   91   80   70   61   55   53   58   70
   91  120  156  196  230  254  270  287  309  336  366  403  448  499  547  583
  609  630  647  657  660  664  676  697  720  739  753  761  759  747  727  709
  694  675  643  599  552  502  445  382  325  287  270  261  249  240  246  271
  299  310  302  286  273  268  267  268  269
     5.0-180.0 180.0   5.0 450.0                            LAT/LON1/LON2/DLON/H
  245  246  230  197  159  130  114  107   99   90   81   74   69   66   69   81
  101  130  165  205  240  266  286  306  334  368  405  444  488  532  569  593
  608  622  636  649  659  670  686  707  725  736  742  743  735  715  691  672
  663  652  630  596  556  513  458  393  331  288  266  252  234  218  219  241
  267  278  270  254  242  236  236  239  245
     2.5-180.0 180.0   5.0 450.0                            LAT/LON1/LON2/DLON/H
  209  213  204  177  144  120  109  105  100   94   90   87   84   81   83   93
  112  140  175  215  252  281  303  327  358  396  437  478  518  555  582  597
  604  614  628  646  663  681  701  719  730  732  730  725  711  688  665  653
  655  658  650  629  600  565  516  452  387  340  314  293  267  241  231  243
  262  267  256  237  221  210  203  203  209
