TEC/CODG3410.11I
     1.0            IONOSPHERE MAPS     GNSS                IONEX VERSION / TYPE
ADDNEQ2 V5.1        AIUB                12-DEC-11 17:32     PGM / RUN BY / DATE 
CODE'S GLOBAL IONOSPHERE MAPS FOR DAY 341, 2011             COMMENT             
Global ionosphere maps (GIM) are generated on a daily basis DESCRIPTION         
at CODE using data from about 150 GPS sites of the IGS and  DESCRIPTION         
other institutions. The vertical total electron content     DESCRIPTION         
(VTEC) is modeled in a solar-geomagnetic reference frame    DESCRIPTION         
using a spherical harmonics expansion up to degree and      DESCRIPTION         
order 15. Piece-wise linear functions are used for          DESCRIPTION         
representation in the time domain. The time spacing of      DESCRIPTION         
their vertices is 2 hours, conforming with the epochs of    DESCRIPTION         
the VTEC maps. Instrumental biases, so-called differential  DESCRIPTION         
P1-P2 code biases (DCB), for all GPS satellites and ground  DESCRIPTION         
stations are estimated as constant values for each day,     DESCRIPTION         
simultaneously with the 13 times 256, or 3328 parameters    DESCRIPTION         
used to represent the global VTEC distribution. The DCB     DESCRIPTION         
datum is defined by a zero-mean condition imposed on the    DESCRIPTION         
satellite bias estimates. P1-C1 bias corrections are taken  DESCRIPTION         
into account if needed. To convert line-of-sight TEC into   DESCRIPTION         
vertical TEC, a modified single-layer model mapping         DESCRIPTION         
function approximating the JPL extended slab model mapping  DESCRIPTION         
function is adopted. The mapping function is evaluated at   DESCRIPTION         
geodetic satellite elevation angles. For the computation of DESCRIPTION         
the ionospheric pierce points, a spherical layer with a     DESCRIPTION         
radius of 6821 km is assumed, implying geocentric, not      DESCRIPTION         
geodetic IONEX latitudes.                                   DESCRIPTION         
Note: These GIM results correspond to the results for the   DESCRIPTION         
middle day of a 3-day combination analysis solving for 37   DESCRIPTION         
times 256, or 9472 VTEC parameters and one common set of    DESCRIPTION         
satellite and 24-hour receiver DCB constants.               DESCRIPTION         
Contact address: stefan.schaer or code @aiub.unibe.ch       DESCRIPTION         
Web site:        http://www.aiub.unibe.ch/ionosphere/       DESCRIPTION         
Data archive:    ftp://ftp.unibe.ch/aiub/CODE/              DESCRIPTION         
                 http://www.aiub.unibe.ch/download/CODE/    DESCRIPTION         
  2011    12     7     0     0     0                        EPOCH OF FIRST MAP  
  2011    12     8     0     0     0                        EPOCH OF LAST MAP   
  7200                                                      INTERVAL            
    13                                                      # OF MAPS IN FILE   
  NONE                                                      MAPPING FUNCTION    
    10.0                                                    ELEVATION CUTOFF    
One-way carrier phase leveled to code                       OBSERVABLES USED    
[...]
chti chur cnmr coco conz cpxf crar cro1 ctwn daej darw dav1 COMMENT             
dgar dgav dhlg drao dubo ebre eprt etad etdd fair faiv fale COMMENT             
flin flrs frdn func ganp glsv gode gold gope gras graz guam COMMENT             
guat guug harb hers hert hnpt hob2 hofn holb holm hrao iddr COMMENT             
ieng iisc ineg invk iqal irkj irkt isba ispa joz2 joze jplv COMMENT             
karr kely kerg khaj khar kir0 kiru kokb kokv kouc kour lama COMMENT             
lck2 lcki lhaz lmmf lpal lpgs m0se mac1 madr mag0 mal2 mana COMMENT             
mas1 mat1 mate maui maw1 mccj mcil mdo1 mdvj medi mets metz COMMENT             
mizu mkea mnls mobj mobk mobs monp morp mqzg mtka nano nico COMMENT             
nist nklg nlib not1 novm nrc1 nril nrmd ntus nurk nya1 ohi2 COMMENT             
ohi3 onsa opmt pado palv park pbr2 pbri pdel penc pert pfa2 COMMENT             
pie1 pimo pol2 pots pove prds ptag ptbb qaq1 quin rabt ramo COMMENT             
rbay reso reun reyk rio2 riop rosa roth salu sch2 scor sele COMMENT             
sfer shao smst sofi spt0 sthl stjo suth sutv suwn sydn syog COMMENT             
tabv tah1 tah2 thti thu2 thu3 tid1 tidb tixg tixi tlse tn22 COMMENT             
tow2 tro1 tsea tskb twtf txes uclu ulab unb3 unbj unbn unbt COMMENT             
unsa urum urus usn3 usno usud vaco vald vesl vill vtsp wab2 COMMENT             
wes2 wgtn whit will wind wsrt wtza wtzr wtzs wtzz wuhn xmis COMMENT             
yakt yar2 yar3 yarr ycba yell yssk zeck zim2 zwe2           COMMENT             
                                                            END OF HEADER       
[from data line 3003]
     8                                                      START OF TEC MAP    
  2011    12     7    14     0     0                        EPOCH OF CURRENT MAP
    87.5-180.0 180.0   5.0 450.0                            LAT/LON1/LON2/DLON/H
   62   64   65   66   67   67   68   68   68   68   68   68   67   66   65   64
   62   61   59   58   56   54   52   50   48   46   44   42   40   38   36   34
   33   31   30   29   28   27   26   25   25   24   24   24   24   24   25   25
   26   27   28   29   30   32   33   35   36   38   39   41   43   44   46   48
   50   51   53   55   56   58   60   61   62
    85.0-180.0 180.0   5.0 450.0                            LAT/LON1/LON2/DLON/H
   69   72   75   77   79   81   82   83   84   84   84   83   82   80   78   76
   73   70   67   64   60   56   53   49   46   42   39   35   32   29   26   23
   21   18   16   14   12   10    9    8    7    6    6    6    6    7    8    9
   11   12   14   16   18   21   23   25   28   30   33   35   37   40   42   45
   47   50   53   55   58   61   64   67   69
    82.5-180.0 180.0   5.0 450.0                            LAT/LON1/LON2/DLON/H
   66   70   74   78   81   84   87   89   91   92   92   91   89   87   84   81
   77   73   69   64   60   55   51   47   43   39   35   32   29   26   23   20
   17   14   12    9    7    4    2    1    0    0    0    0    0    0    1    3
    5    7   10   12   15   18   21   23   26   28   30   32   34   36   38   40
   42   44   46   49   52   55   58   62   66
    80.0-180.0 180.0   5.0 450.0                            LAT/LON1/LON2/DLON/H
   54   58   64   69   74   78   82   86   88   90   90   90   88   86   83   79
   75   70   66   61   57   52   48   45   42   39   37   35   33   31   30   28
   25   23   20   18   15   12    9    7    5    3    2    2    3    4    5    7
   10   12   15   18   21   24   27   29   31   32   34   34   35   35   35   35
   36   36   37   38   40   42   46   49   54
    77.5-180.0 180.0   5.0 450.0                            LAT/LON1/LON2/DLON/H
   38   43   48   54   60   66   71   75   79   81   82   82   81   79   76   73
   69   65   61   58   54   52   49   48   47   47   47   47   48   48   48   48
   47   45   42   39   36   32   28   25   22   20   18   17   18   19   20   22
   24   27   29   32   34   37   39   40   42   42   42   42   41   39   37   35
   33   31   29   28   28   29   31   34   38
    75.0-180.0 180.0   5.0 450.0                            LAT/LON1/LON2/DLON/H
   24   28   33   39   46   52   57   62   66   69   70   71   70   69   67   64
   62   60   58   57   56   56   56   58   60   62   65   68   71   74   76   77
   77   76   74   70   66   61   56   51   47   44   42   40   40   41   41   43
   44   45   47   48   50   51   52   53   53   53   52   51   49   46   43   39
   35   31   27   23   21   20   20   21   24
    72.5-180.0 180.0   5.0 450.0                            LAT/LON1/LON2/DLON/H
   17   19   24   29   34   40   46   50   54   57   58   59   59   58   58   57
   57   58   59   60   63   66   70   74   79   84   90   95  101  105  109  111
  112  111  108  104   99   92   86   80   74   70   67   66   65   64   64   64
   63   62   62   61   60   60   60   60   60   60   59   58   57   54   50   46
   41   36   31   26   22   18   16   16   17
    70.0-180.0 180.0   5.0 450.0                            LAT/LON1/LON2/DLON/H
   18   18   21   25   29   34   38   42   45   47   49   49   49   50   51   52
   55   58   63   68   74   81   88   95  103  110  118  125  131  136  141  143
  144  143  140  135  128  121  113  105   99   94   90   88   86   85   83   80
   77   73   68   64   61   59   58   57   58   59   59   60   59   59   57   54
   50   46   41   36   30   25   21   19   18
    67.5-180.0 180.0   5.0 450.0                            LAT/LON1/LON2/DLON/H
   25   24   24   27   30   33   37   39   41   42   43   43   43   44   46   49
   54   60   68   77   87   97  108  118  127  136  144  152  158  163  167  169
  170  168  164  158  151  142  133  124  117  111  107  104  102   99   95   89
   82   74   66   58   52   47   45   45   46   48   51   53   56   57   59   59
   58   56   53   48   43   37   32   28   25
    65.0-180.0 180.0   5.0 450.0                            LAT/LON1/LON2/DLON/H
   35   32   32   33   34   37   39   40   41   41   41   40   40   40   42   46
   53   62   73   85   98  111  124  137  148  158  166  173  179  183  186  187
  186  184  180  174  166  156  146  137  128  122  117  114  111  107  100   91
   80   68   55   44   35   29   26   26   28   31   35   40   45   50   55   58
   61   63   62   60   56   51   45   39   35
    62.5-180.0 180.0   5.0 450.0                            LAT/LON1/LON2/DLON/H
   44   41   39   39   40   41   42   43   43   42   41   40   38   38   40   44
   51   61   74   89  104  120  136  150  163  174  182  189  193  196  197  198
  197  194  190  183  175  166  155  145  136  129  124  119  115  110  101   90
   75   59   42   28   17   10    7    7   10   14   20   26   32   39   46   53
   59   64   67   68   65   61   55   49   44
    60.0-180.0 180.0   5.0 450.0                            LAT/LON1/LON2/DLON/H
   49   46   44   44   45   46   46   46   45   44   43   41   38   37   37   41
   48   59   73   89  106  124  141  157  172  184  193  199  203  205  206  205
  203  201  196  190  183  174  163  153  143  135  129  124  119  112  102   88
   71   52   34   18    7    0    0    0    0    4    9   16   22   30   37   45
   54   61   66   69   69   65   60   54   49
    57.5-180.0 180.0   5.0 450.0                            LAT/LON1/LON2/DLON/H
   50   47   47   47   48   48   48   47   46   46   44   42   39   36   35   38
   45   56   70   87  105  124  142  160  176  190  200  207  211  213  213  212
  210  208  203  198  191  183  173  162  152  143  136  130  125  117  107   92
   74   54   35   19    8    2    0    0    2    6   10   15   20   26   33   40
   48   55   62   66   67   65   60   54   50
    55.0-180.0 180.0   5.0 450.0                            LAT/LON1/LON2/DLON/H
   48   47   48   49   50   50   48   47   47   46   46   44   40   37   35   37
   44   55   70   87  105  123  142  161  179  194  206  215  220  222  223  222
  220  217  212  207  201  193  184  174  164  155  146  140  134  126  116  101
   83   64   46   31   22   17   15   16   17   20   22   25   28   32   35   40
   45   52   58   62   64   62   57   52   48
    52.5-180.0 180.0   5.0 450.0                            LAT/LON1/LON2/DLON/H
   48   48   50   52   53   52   49   47   46   47   47   45   42   38   37   39
   47   59   75   92  109  126  145  163  182  199  213  223  229  233  234  234
  231  227  222  216  211  204  197  188  178  169  160  152  146  138  129  115
   98   80   64   51   44   41   40   40   41   41   43   44   45   46   46   47
   49   53   57   61   62   60   55   51   48
    50.0-180.0 180.0   5.0 450.0                            LAT/LON1/LON2/DLON/H
   51   51   55   58   58   56   52   49   47   47   48   47   45   42   41   45
   55   70   87  104  120  135  152  170  188  206  220  231  238  243  246  246
  242  237  230  224  218  213  208  201  192  183  173  165  158  151  141  129
  113   97   82   72   66   64   64   64   63   63   64   65   66   65   63   61
   59   59   61   64   64   62   57   53   51
    47.5-180.0 180.0   5.0 450.0                            LAT/LON1/LON2/DLON/H
   58   59   63   67   67   63   58   53   50   50   51   51   49   47   48   55
   68   86  105  122  137  151  164  180  197  214  227  238  245  251  254  254
  250  242  234  227  222  219  215  210  203  195  185  176  167  159  150  138
  123  107   94   85   80   79   78   77   76   76   78   80   83   83   80   76
   72   70   70   71   71   69   64   60   58
    45.0-180.0 180.0   5.0 450.0                            LAT/LON1/LON2/DLON/H
   68   70   74   77   77   72   66   60   56   55   55   55   53   53   56   67
   84  105  127  145  159  170  181  193  208  222  233  242  248  253  256  256
  252  244  236  229  225  223  221  218  212  204  194  184  173  162  151  139
  124  109   96   87   82   81   79   77   75   75   79   84   89   92   92   88
   84   81   80   81   81   79   75   70   68
    42.5-180.0 180.0   5.0 450.0                            LAT/LON1/LON2/DLON/H
   79   80   84   86   86   81   75   69   64   62   61   60   58   59   65   79
   99  124  149  168  182  190  198  208  219  230  237  242  245  249  253  254
  251  244  237  233  231  230  229  226  221  213  203  190  175  162  148  134
  118  102   88   79   74   72   69   65   62   62   67   75   84   91   94   93
   90   88   87   88   89   88   85   81   79
    40.0-180.0 180.0   5.0 450.0                            LAT/LON1/LON2/DLON/H
   86   86   89   91   91   88   83   78   74   71   68   65   63   65   73   89
  113  141  167  188  201  208  213  220  228  235  239  239  240  242  247  250
  250  248  247  248  249  249  247  242  235  226  214  198  180  162  144  128
  111   94   80   70   65   61   56   50   45   45   50   60   71   81   88   90
   90   89   89   91   93   94   91   88   86
    37.5-180.0 180.0   5.0 450.0                            LAT/LON1/LON2/DLON/H
   87   86   88   89   90   89   87   85   82   79   75   71   68   71   81   98
  123  152  180  202  215  221  225  230  236  240  240  236  234  236  243  251
  258  265  272  281  287  288  281  271  260  249  235  216  193  170  149  131
  113   97   83   73   68   63   56   46   39   36   40   48   59   69   78   83
   85   86   86   89   92   93   92   89   87
    35.0-180.0 180.0   5.0 450.0                            LAT/LON1/LON2/DLON/H
   83   81   81   81   82   84   86   88   88   86   81   75   73   77   88  106
  131  159  187  209  223  230  233  237  242  244  241  235  232  236  248  264
  281  299  319  339  351  349  336  317  300  286  271  249  223  195  172  153
  136  121  109  101   97   91   80   67   56   49   49   52   58   66   73   79
   82   82   82   84   86   88   88   86   83
    32.5-180.0 180.0   5.0 450.0                            LAT/LON1/LON2/DLON/H
   76   73   70   69   70   74   80   87   90   89   84   79   77   83   96  115
  138  165  191  213  227  234  238  242  247  249  245  239  238  247  267  293
  322  355  389  421  438  433  411  381  356  339  323  301  272  243  219  201
  187  176  167  162  159  152  139  121  104   93   87   83   80   80   82   85
   86   85   82   81   81   82   82   80   76
    30.0-180.0 180.0   5.0 450.0                            LAT/LON1/LON2/DLON/H
   72   67   62   58   58   62   71   81   87   88   84   80   81   89  105  125
  147  171  195  216  230  237  241  246  251  255  253  250  254  271  301  340
  382  429  478  519  540  531  497  456  424  405  391  371  342  313  291  277
  268  261  257  255  253  245  227  205  183  168  155  142  129  118  112  109
  105   99   92   86   83   81   79   76   72
    27.5-180.0 180.0   5.0 450.0                            LAT/LON1/LON2/DLON/H
   75   68   60   53   49   52   61   72   80   83   81   79   83   96  116  138
  160  181  202  221  234  241  245  250  257  263  265  268  280  308  350  401
  455  513  572  621  643  628  584  533  496  478  468  453  428  401  382  373
  369  367  367  368  367  356  334  306  281  262  245  226  202  179  162  150
  140  128  115  104   95   89   84   80   75
    25.0-180.0 180.0   5.0 450.0                            LAT/LON1/LON2/DLON/H
   87   79   68   56   48   47   53   63   71   75   75   76   85  104  129  155
  177  197  215  231  243  248  251  255  264  272  279  289  312  352  407  469
  532  596  659  709  728  707  655  598  561  548  546  538  518  496  482  477
  478  479  480  481  478  464  436  404  377  359  342  318  286  253  226  205
  187  169  151  134  120  108  100   93   87
    22.5-180.0 180.0   5.0 450.0                            LAT/LON1/LON2/DLON/H
  109   99   85   69   55   48   49   55   62   66   68   72   86  110  142  173
  199  218  234  247  255  258  259  263  272  283  295  313  347  400  466  535
  601  664  723  769  783  756  701  644  611  607  615  615  602  584  573  572
  574  575  574  572  565  545  513  477  451  437  424  401  366  327  291  263
  239  216  194  173  154  137  124  116  109
    20.0-180.0 180.0   5.0 450.0                            LAT/LON1/LON2/DLON/H
  135  125  109   89   69   56   50   51   55   58   61   69   86  116  155  193
  223  244  258  268  272  272  270  273  282  296  312  338  381  444  519  591
  654  708  756  791  798  769  715  665  642  649  668  676  668  653  644  642
  642  637  630  622  608  583  546  509  487  480  475  459  426  384  345  313
  285  259  235  212  190  170  153  143  135
    17.5-180.0 180.0   5.0 450.0                            LAT/LON1/LON2/DLON/H
  160  151  134  111   87   68   57   52   52   54   59   68   88  122  167  211
  247  271  285  291  292  288  285  287  296  311  331  362  413  483  561  631
  684  723  755  776  775  747  701  663  654  673  700  714  708  693  682  677
  670  656  639  621  600  569  529  494  478  480  487  479  453  415  377  344
  315  289  266  244  221  198  179  168  160
    15.0-180.0 180.0   5.0 450.0                            LAT/LON1/LON2/DLON/H
  178  170  153  130  104   83   67   58   55   56   61   71   93  129  178  229
  271  298  312  316  313  307  303  305  316  332  354  388  442  514  590  653
  692  714  727  733  727  703  670  648  653  682  714  729  722  704  688  674
  657  631  601  573  545  510  471  441  431  444  461  464  447  417  383  352
  325  301  280  260  239  216  196  184  178
    12.5-180.0 180.0   5.0 450.0                            LAT/LON1/LON2/DLON/H
  184  177  163  140  117   96   80   69   63   63   69   80  102  139  190  246
  293  324  339  341  337  329  326  330  342  359  382  417  470  539  608  659
  684  688  685  680  671  656  638  633  649  683  714  725  713  688  664  642
  613  575  533  495  461  427  392  368  366  386  411  424  416  394  368  342
  317  295  277  260  241  219  200  189  184
    10.0-180.0 180.0   5.0 450.0                            LAT/LON1/LON2/DLON/H
  177  172  160  141  122  106   92   82   76   76   82   94  116  152  204  262
  314  349  365  367  361  355  354  361  376  395  417  450  498  560  618  656
  668  659  644  633  627  623  621  629  651  683  707  710  689  657  625  593
  554  505  454  409  375  345  318  302  307  331  360  376  376  363  344  323
  300  278  261  246  229  208  190  180  177
     7.5-180.0 180.0   5.0 450.0                            LAT/LON1/LON2/DLON/H
  159  157  147  133  120  111  103   95   90   92   99  113  135  171  222  281
  334  372  390  393  388  384  387  399  417  437  458  487  529  579  624  650
  652  637  619  610  610  617  628  643  665  688  700  691  662  622  583  544
  499  444  388  342  310  288  272  266  275  299  326  343  346  340  328  310
  286  262  243  226  208  188  170  161  159
     5.0-180.0 180.0   5.0 450.0                            LAT/LON1/LON2/DLON/H
  138  136  128  119  113  112  111  107  104  107  117  133  157  193  243  301
  355  394  415  420  417  417  424  441  462  483  503  528  561  599  631  646
  643  629  618  617  627  645  663  678  691  699  696  675  639  595  552  511
  464  409  353  311  285  274  270  273  285  306  326  339  343  341  333  315
  289  259  233  211  189  167  149  140  138
     2.5-180.0 180.0   5.0 450.0                            LAT/LON1/LON2/DLON/H
  120  116  109  104  105  111  116  115  114  118  131  152  180  217  266  322
  375  415  439  447  448  451  463  483  508  529  548  569  594  620  639  647
  644  640  641  653  675  700  719  727  725  715  696  666  626  582  540  500
  456  407  358  321  305  304  312  323  336  351  364  371  374  374  367  348
  316  277  241  210  182  155  134  123  120
