TEC/CODG3230.12I
     1.0            IONOSPHERE MAPS     GNSS                IONEX VERSION / TYPE
ADDNEQ2 V5.3        AIUB                23-NOV-12 04:37     PGM / RUN BY / DATE 
CODE'S GLOBAL IONOSPHERE MAPS FOR DAY 323, 2012             COMMENT             
Global ionosphere maps (GIM) are generated on a daily basis DESCRIPTION         
at CODE using data from about 150 GPS sites of the IGS and  DESCRIPTION         
other institutions. The vertical total electron content     DESCRIPTION         
(VTEC) is modeled in a solar-geomagnetic reference frame    DESCRIPTION         
using a spherical harmonics expansion up to degree and      DESCRIPTION         
order 15. Piece-wise linear functions are used for          DESCRIPTION         
representation in the time domain. The time spacing of      DESCRIPTION         
their vertices is 2 hours, conforming with the epochs of    DESCRIPTION         
the VTEC maps. Instrumental biases, so-called differential  DESCRIPTION         
P1-P2 code biases (DCB), for all GPS satellites and ground  DESCRIPTION         
stations are estimated as constant values for each day,     DESCRIPTION         
simultaneously with the 13 times 256, or 3328 parameters    DESCRIPTION         
used to represent the global VTEC distribution. The DCB     DESCRIPTION         
datum is defined by a zero-mean condition imposed on the    DESCRIPTION         
satellite bias estimates. P1-C1 bias corrections are taken  DESCRIPTION         
into account if needed. To convert line-of-sight TEC into   DESCRIPTION         
vertical TEC, a modified single-layer model mapping         DESCRIPTION         
function approximating the JPL extended slab model mapping  DESCRIPTION         
function is adopted. The mapping function is evaluated at   DESCRIPTION         
geodetic satellite elevation angles. For the computation of DESCRIPTION         
the ionospheric pierce points, a spherical layer with a     DESCRIPTION         
radius of 6821 km is assumed, implying geocentric, not      DESCRIPTION         
geodetic IONEX latitudes.                                   DESCRIPTION         
Note: These GIM results correspond to the results for the   DESCRIPTION         
middle day of a 3-day combination analysis solving for 37   DESCRIPTION         
times 256, or 9472 VTEC parameters and one common set of    DESCRIPTION         
satellite and 24-hour receiver DCB constants.               DESCRIPTION         
Contact address: stefan.schaer or code @aiub.unibe.ch       DESCRIPTION         
Web page:        www.aiub.unibe.ch/content/ionosphere/      DESCRIPTION         
Data archive:    ftp.unibe.ch/aiub/CODE/                    DESCRIPTION         
                 www.aiub.unibe.ch/download/CODE/           DESCRIPTION         
  2012    11    18     0     0     0                        EPOCH OF FIRST MAP  
  2012    11    19     0     0     0                        EPOCH OF LAST MAP   
  7200                                                      INTERVAL            
    13                                                      # OF MAPS IN FILE   
  NONE                                                      MAPPING FUNCTION    
    10.0                                                    ELEVATION CUTOFF    
One-way carrier phase leveled to code                       OBSERVABLES USED    
[...]
fair faiv fale flin flrs frdn func ganp glps glsv gmsd gold COMMENT             
gope gras graz guam guat guug harb harv hers hert hnpt hob2 COMMENT             
hofn hofs holb holm hrao iddr ieng iisc ilha ineg invk iqui COMMENT             
irkj irkt isba joz2 joze karr kat1 kely kerg khar kir0 kiru COMMENT             
kit3 kokb kokv kosg kouc lama lck2 lcki lhaz lmmf lpal lpgs COMMENT             
m0se mac1 mag0 mal2 mana mas1 mat1 mate maui maw1 mbar mccj COMMENT             
mcm4 mdo1 mdvj medi mets mizu mkea mnls mobj mobk mobs monp COMMENT             
morp mqzg nano nico nist nklg nlib not1 novm nrc1 nril nrmd COMMENT             
ntus nurk nya1 ohi2 ohi3 onsa opmt pado palv park pbr2 pbri COMMENT             
pdel penc pert pfa2 pimo pol2 pots pove prds ptag ptbb qaq1 COMMENT             
quin rabt ramo rcmn recf reso reun reyk rio2 riop rosa roth COMMENT             
salu sant savo sch2 scor sele sey1 sfer shao smst sofi spt0 COMMENT             
ssia sthl stjo stk2 str2 suth sutv suwn sydn syog tabv tah1 COMMENT             
tah2 tash thti thu2 thu3 tid1 tidb tixg tixi tlse tn22 tow2 COMMENT             
tro1 tsea tskb twtf txes uclu ufpr ulab unb3 unbj unbn unbt COMMENT             
unsa untr urum urus usn3 usno usud vaco vald vesl vill vtsp COMMENT             
wab1 wab2 wes2 wgtn whit will wind wsrt wtza wtzr wtzs wtzz COMMENT             
wuhn xmis yakt yar2 yar3 yarr ycba yell yssk zamb zeck zim2 COMMENT             
zimm                                                        COMMENT             
                                                            END OF HEADER       
[from data line 4719]
    12                                                      START OF TEC MAP    
  2012    11    18    22     0     0                        EPOCH OF CURRENT MAP
    87.5-180.0 180.0   5.0 450.0                            LAT/LON1/LON2/DLON/H
  167  169  170  171  172  174  175  176  178  179  180  181  182  183  184  185
  185  186  186  186  186  186  186  186  186  186  185  185  184  184  183  182
  181  180  179  178  177  176  175  174  173  172  170  169  168  167  167  166
  165  164  164  163  162  162  162  161  161  161  161  161  161  161  161  161
  161  162  162  163  164  164  165  166  167
    85.0-180.0 180.0   5.0 450.0                            LAT/LON1/LON2/DLON/H
  146  148  151  154  157  160  163  166  169  172  174  176  177  179  180  180
  181  181  181  181  181  180  180  180  179  179  178  178  177  176  175  173
  172  170  168  166  164  162  160  158  156  153  151  149  148  146  145  143
  142  141  141  140  139  139  139  138  138  137  137  137  136  136  136  136
  136  136  137  138  139  140  142  144  146
    82.5-180.0 180.0   5.0 450.0                            LAT/LON1/LON2/DLON/H
  120  124  128  134  139  144  150  155  159  163  166  168  169  169  169  168
  166  165  163  162  161  160  159  159  159  159  159  159  159  158  157  156
  154  152  150  147  145  141  138  135  132  129  126  123  121  119  117  116
  115  114  114  114  114  114  114  114  114  113  113  112  112  111  110  109
  108  108  108  108  109  111  113  116  120
    80.0-180.0 180.0   5.0 450.0                            LAT/LON1/LON2/DLON/H
   96  103  110  117  126  134  142  149  156  160  163  164  163  160  156  151
  145  140  135  131  128  126  126  126  128  129  131  133  134  135  135  135
  134  132  129  126  123  120  116  112  108  104  100   97   94   92   90   89
   88   88   88   89   90   91   91   92   92   92   92   91   90   88   87   85
   83   82   82   82   83   84   87   91   96
    77.5-180.0 180.0   5.0 450.0                            LAT/LON1/LON2/DLON/H
   83   91  101  111  123  134  146  156  164  169  172  171  166  158  147  135
  123  111  101   93   88   86   86   88   92   96  101  105  109  111  113  114
  113  112  110  107  104  101   96   92   88   83   79   75   72   69   68   66
   66   66   67   69   70   72   74   75   76   76   76   75   73   71   69   67
   65   63   62   63   64   67   71   76   83
    75.0-180.0 180.0   5.0 450.0                            LAT/LON1/LON2/DLON/H
   83   93  105  118  132  147  162  175  185  192  194  190  180  165  146  125
  104   84   67   55   48   46   48   53   60   68   75   82   87   92   94   96
   96   95   94   92   89   86   82   78   74   69   65   61   57   55   53   51
   51   52   53   55   57   60   62   64   65   65   65   64   62   60   57   55
   53   52   53   54   57   61   67   74   83
    72.5-180.0 180.0   5.0 450.0                            LAT/LON1/LON2/DLON/H
   97  108  122  136  152  169  187  203  216  224  226  220  205  183  156  125
   93   65   42   25   17   15   19   27   38   48   58   66   72   77   79   81
   81   81   81   79   78   76   73   69   65   61   57   53   50   47   45   44
   44   44   46   48   50   52   55   57   58   59   59   57   55   53   51   49
   48   49   51   55   61   68   77   86   97
    70.0-180.0 180.0   5.0 450.0                            LAT/LON1/LON2/DLON/H
  119  132  145  160  176  195  214  232  248  259  262  255  237  210  175  135
   95   59   30   11    1    1    7   18   30   42   52   59   63   66   67   68
   68   68   68   68   67   66   65   62   59   56   52   49   46   44   42   41
   41   42   43   44   47   49   51   53   55   56   55   54   52   49   47   46
   47   50   55   63   73   83   95  107  119
    67.5-180.0 180.0   5.0 450.0                            LAT/LON1/LON2/DLON/H
  145  158  170  183  198  215  235  255  273  287  293  288  270  240  201  156
  110   69   37   16    6    6   14   25   36   46   53   57   58   57   56   55
   54   54   55   56   56   56   55   54   52   50   48   45   43   42   41   40
   41   41   42   43   45   47   49   51   53   54   54   52   50   48   46   45
   48   53   62   73   87  102  117  131  145
    65.0-180.0 180.0   5.0 450.0                            LAT/LON1/LON2/DLON/H
  167  180  191  202  214  228  245  265  285  302  312  311  297  269  230  185
  138   96   63   41   31   31   37   45   53   58   59   57   53   49   45   42
   41   41   42   42   43   44   44   44   43   43   42   41   40   40   39   40
   40   40   41   42   43   45   47   49   51   53   53   52   49   47   45   45
   49   56   67   82   99  118  136  153  167
    62.5-180.0 180.0   5.0 450.0                            LAT/LON1/LON2/DLON/H
  183  196  205  214  222  232  246  263  282  301  315  320  312  291  258  218
  175  136  105   84   73   70   71   73   74   71   64   56   47   40   34   31
   30   30   30   31   31   31   32   33   34   34   35   35   36   36   37   38
   38   39   39   39   40   42   44   47   50   52   53   52   49   47   45   46
   50   59   72   89  109  129  149  168  183
    60.0-180.0 180.0   5.0 450.0                            LAT/LON1/LON2/DLON/H
  193  206  215  222  227  232  241  253  270  288  305  315  315  304  281  249
  215  182  155  135  122  114  108  101   92   80   66   52   41   32   27   25
   24   24   23   23   22   22   23   24   26   28   30   32   33   34   35   36
   36   36   36   36   37   39   42   45   49   52   53   52   50   48   46   48
   53   63   77   95  115  136  157  176  193
    57.5-180.0 180.0   5.0 450.0                            LAT/LON1/LON2/DLON/H
  198  213  223  230  234  236  239  245  256  270  287  301  308  307  295  276
  253  229  206  187  170  155  139  122  103   83   64   48   36   29   26   26
   26   25   24   22   19   19   19   22   25   28   31   33   34   35   36   36
   36   36   35   35   36   38   41   45   50   53   55   54   52   50   49   52
   58   69   84  101  121  141  161  180  198
    55.0-180.0 180.0   5.0 450.0                            LAT/LON1/LON2/DLON/H
  204  221  235  244  248  248  246  245  248  257  270  284  296  303  302  295
  282  266  249  229  208  185  159  133  106   82   61   46   37   33   33   35
   35   34   31   27   24   23   24   28   32   36   39   41   42   42   41   41
   40   39   38   37   38   40   44   48   53   57   58   58   56   54   55   59
   68   80   95  112  129  147  166  185  204
    52.5-180.0 180.0   5.0 450.0                            LAT/LON1/LON2/DLON/H
  213  233  251  264  271  271  266  259  254  254  261  273  285  296  303  304
  300  291  276  256  230  200  168  136  106   81   62   50   45   45   47   49
   49   47   43   38   34   34   36   41   46   51   54   55   55   54   52   51
   49   47   45   44   44   47   50   55   60   63   63   62   60   59   62   69
   80   95  112  128  143  159  175  193  213
    50.0-180.0 180.0   5.0 450.0                            LAT/LON1/LON2/DLON/H
  227  250  271  288  298  299  293  283  272  265  264  270  280  291  300  306
  307  301  287  265  236  203  168  136  107   86   71   63   61   62   64   65
   63   58   53   48   46   48   52   58   64   69   71   72   71   70   67   65
   62   59   57   55   56   57   61   65   68   70   70   67   65   65   70   80
   96  114  132  148  162  175  190  207  227
    47.5-180.0 180.0   5.0 450.0                            LAT/LON1/LON2/DLON/H
  245  268  290  309  321  325  320  309  295  284  278  278  283  290  298  303
  304  298  284  261  231  198  166  138  116   99   89   84   82   81   79   75
   70   63   58   55   56   60   67   74   80   84   87   88   87   86   84   81
   78   75   72   70   70   71   73   76   78   78   76   72   70   71   78   92
  111  133  153  170  184  196  208  225  245
    45.0-180.0 180.0   5.0 450.0                            LAT/LON1/LON2/DLON/H
  263  284  303  319  331  336  334  327  315  303  295  292  293  295  298  299
  297  289  273  250  222  194  169  149  133  122  114  108  102   95   86   77
   67   60   56   56   61   69   77   84   90   94   96   98   98   99   98   97
   94   91   87   85   84   84   85   86   86   85   81   77   74   77   87  104
  126  150  172  190  204  216  228  244  263
    42.5-180.0 180.0   5.0 450.0                            LAT/LON1/LON2/DLON/H
  279  295  307  315  322  326  328  326  321  314  309  307  305  304  302  298
  292  281  263  241  217  197  181  169  159  149  139  128  115  101   85   70
   58   51   50   54   62   72   81   88   92   95   98  101  104  106  109  109
  107  104  101   98   96   95   94   93   92   89   85   80   78   82   95  114
  139  164  187  205  220  232  246  261  279
    40.0-180.0 180.0   5.0 450.0                            LAT/LON1/LON2/DLON/H
  290  300  302  298  296  297  302  307  310  312  314  316  317  315  310  303
  294  280  261  240  222  209  202  195  186  173  158  140  120   99   80   63
   52   46   48   55   65   75   83   87   90   92   95   99  104  110  114  117
  116  113  110  107  105  102   99   96   93   90   85   82   81   88  103  125
  149  174  196  214  229  243  258  275  290
    37.5-180.0 180.0   5.0 450.0                            LAT/LON1/LON2/DLON/H
  300  304  295  277  263  258  264  275  287  298  309  319  325  325  321  314
  304  289  270  251  237  230  227  221  207  187  164  140  118   98   80   68
   61   59   61   68   76   83   88   89   88   89   93   98  104  111  117  120
  121  119  115  112  109  105  100   95   91   87   84   82   84   94  112  135
  159  182  202  219  233  248  266  285  300
    35.0-180.0 180.0   5.0 450.0                            LAT/LON1/LON2/DLON/H
  313  314  296  267  241  230  234  249  265  282  299  316  327  333  332  328
  321  308  289  271  259  254  250  238  216  186  158  134  118  106  100   98
   99  100  100  101  102  103  101   98   95   96   99  104  109  114  119  123
  123  121  118  115  110  104   97   90   86   83   81   81   86  100  122  147
  170  190  207  222  235  251  272  295  313
    32.5-180.0 180.0   5.0 450.0                            LAT/LON1/LON2/DLON/H
  335  339  319  283  249  233  235  248  262  278  295  313  328  337  342  343
  341  331  313  294  280  273  263  242  208  172  145  131  131  139  151  165
  175  177  170  158  146  136  128  120  116  115  118  121  122  122  124  126
  126  124  120  116  111  103   94   85   80   78   77   79   88  107  132  160
  183  201  216  228  241  258  282  311  335
    30.0-180.0 180.0   5.0 450.0                            LAT/LON1/LON2/DLON/H
  371  385  371  336  303  285  285  291  297  301  310  322  334  342  349  355
  358  352  334  311  294  281  263  231  189  153  136  144  169  203  238  269
  287  285  265  234  205  182  166  155  150  149  151  149  144  137  132  131
  130  127  123  119  113  104   92   82   76   74   74   77   89  113  143  174
  198  216  230  242  255  272  300  337  371
    27.5-180.0 180.0   5.0 450.0                            LAT/LON1/LON2/DLON/H
  424  453  453  430  405  393  391  389  378  363  353  350  350  351  354  362
  368  364  344  318  295  275  250  212  169  142  146  182  238  299  356  400
  421  411  371  318  268  232  209  197  192  192  191  185  171  155  144  139
  136  132  128  123  116  106   93   82   76   73   73   77   92  119  154  189
  215  235  250  264  279  298  331  376  424
    25.0-180.0 180.0   5.0 450.0                            LAT/LON1/LON2/DLON/H
  490  538  559  556  548  547  547  534  503  463  428  402  383  368  361  363
  369  364  343  312  285  262  234  196  161  152  185  254  337  418  487  536
  554  530  469  391  322  274  248  236  232  233  230  219  197  173  156  147
  143  139  133  128  121  110   98   86   79   76   75   79   95  125  165  203
  233  256  276  295  314  336  373  427  490
    22.5-180.0 180.0   5.0 450.0                            LAT/LON1/LON2/DLON/H
  561  629  673  695  709  723  727  706  655  590  529  478  434  397  372  364
  363  355  331  299  271  249  226  197  178  195  258  354  454  540  607  650
  658  618  536  437  353  299  273  263  261  261  257  242  215  185  163  153
  149  144  139  133  126  116  104   93   86   83   81   85  101  134  176  217
  250  277  304  331  356  382  423  485  561
    20.0-180.0 180.0   5.0 450.0                            LAT/LON1/LON2/DLON/H
  627  710  774  820  857  888  900  874  809  724  641  568  502  440  393  368
  358  345  320  288  264  251  239  226  230  273  360  469  568  639  687  713
  707  653  556  445  354  300  278  271  269  268  263  247  219  187  165  155
  152  148  142  135  129  120  110  101   95   92   90   93  110  144  188  230
  265  297  331  367  400  431  475  542  627
    17.5-180.0 180.0   5.0 450.0                            LAT/LON1/LON2/DLON/H
  680  770  846  908  963 1010 1029 1003  932  839  746  661  577  495  427  384
  363  345  319  292  277  277  282  289  314  377  475  579  655  693  707  708
  688  627  526  414  326  280  264  259  256  253  247  233  208  180  161  153
  152  148  142  135  130  124  116  109  105  103  101  105  122  157  201  243
  278  312  354  399  440  477  524  592  680
    15.0-180.0 180.0   5.0 450.0                            LAT/LON1/LON2/DLON/H
  713  799  875  942 1006 1062 1089 1068 1001  912  823  740  651  558  474  416
  385  363  340  321  318  333  356  381  422  492  583  662  696  686  658  634
  605  547  456  356  282  248  240  237  229  222  216  205  187  167  153  150
  150  147  140  134  130  126  122  117  115  113  112  118  137  173  216  255
  288  324  370  423  471  514  563  629  713
    12.5-180.0 180.0   5.0 450.0                            LAT/LON1/LON2/DLON/H
  724  797  861  920  981 1038 1069 1055 1001  929  860  792  713  621  531  466
  429  407  389  379  389  417  453  489  534  596  663  699  680  618  551  508
  480  437  367  291  239  222  221  216  203  189  181  176  167  155  149  149
  151  148  140  134  131  130  128  126  124  123  124  131  154  190  231  266
  296  331  379  437  492  540  589  651  724
    10.0-180.0 180.0   5.0 450.0                            LAT/LON1/LON2/DLON/H
  717  769  812  852  899  948  978  973  937  892  851  811  754  676  594  531
  494  475  464  463  481  517  558  594  631  670  699  684  612  505  411  362
  346  329  290  245  219  217  223  214  191  169  159  158  158  155  154  156
  158  154  146  139  137  137  137  135  133  132  133  144  169  207  246  277
  303  335  383  441  500  553  604  659  717
     7.5-180.0 180.0   5.0 450.0                            LAT/LON1/LON2/DLON/H
  701  730  745  760  785  818  844  847  831  813  805  797  771  719  655  603
  573  559  554  559  580  616  652  678  694  701  685  623  510  376  274  234
  241  255  251  237  235  247  255  241  209  178  164  164  169  172  174  176
  175  169  160  153  150  150  149  146  142  138  140  153  182  221  259  287
  310  338  382  439  499  555  607  658  701
     5.0-180.0 180.0   5.0 450.0                            LAT/LON1/LON2/DLON/H
  683  691  681  669  670  685  703  711  711  718  738  760  766  745  707  673
  653  647  646  652  669  695  718  726  716  688  631  534  400  266  178  161
  195  239  265  278  294  314  321  301  260  221  201  200  206  210  211  208
  203  194  183  175  171  168  165  159  151  144  144  159  190  231  269  296
  316  341  381  433  491  549  604  651  683
     2.5-180.0 180.0   5.0 450.0                            LAT/LON1/LON2/DLON/H
  669  665  637  604  585  583  592  601  612  634  670  714  746  755  745  731
  723  721  722  724  730  741  746  734  699  640  555  442  314  205  150  164
  223  287  333  362  387  408  411  386  340  295  270  263  265  265  260  251
  240  227  215  204  196  189  181  171  158  147  146  162  195  237  275  302
  322  346  380  426  480  539  596  644  669
