TEC/CODG3240.12I
     1.0            IONOSPHERE MAPS     GNSS                IONEX VERSION / TYPE
ADDNEQ2 V5.3        AIUB                23-NOV-12 20:37     PGM / RUN BY / DATE 
CODE'S GLOBAL IONOSPHERE MAPS FOR DAY 324, 2012             COMMENT             
Global ionosphere maps (GIM) are generated on a daily basis DESCRIPTION         
at CODE using data from about 150 GPS sites of the IGS and  DESCRIPTION         
other institutions. The vertical total electron content     DESCRIPTION         
(VTEC) is modeled in a solar-geomagnetic reference frame    DESCRIPTION         
using a spherical harmonics expansion up to degree and      DESCRIPTION         
order 15. Piece-wise linear functions are used for          DESCRIPTION         
representation in the time domain. The time spacing of      DESCRIPTION         
their vertices is 2 hours, conforming with the epochs of    DESCRIPTION         
the VTEC maps. Instrumental biases, so-called differential  DESCRIPTION         
P1-P2 code biases (DCB), for all GPS satellites and ground  DESCRIPTION         
stations are estimated as constant values for each day,     DESCRIPTION         
simultaneously with the 13 times 256, or 3328 parameters    DESCRIPTION         
used to represent the global VTEC distribution. The DCB     DESCRIPTION         
datum is defined by a zero-mean condition imposed on the    DESCRIPTION         
satellite bias estimates. P1-C1 bias corrections are taken  DESCRIPTION         
into account if needed. To convert line-of-sight TEC into   DESCRIPTION         
vertical TEC, a modified single-layer model mapping         DESCRIPTION         
function approximating the JPL extended slab model mapping  DESCRIPTION         
function is adopted. The mapping function is evaluated at   DESCRIPTION         
geodetic satellite elevation angles. For the computation of DESCRIPTION         
the ionospheric pierce points, a spherical layer with a     DESCRIPTION         
radius of 6821 km is assumed, implying geocentric, not      DESCRIPTION         
geodetic IONEX latitudes.                                   DESCRIPTION         
Note: These GIM results correspond to the results for the   DESCRIPTION         
middle day of a 3-day combination analysis solving for 37   DESCRIPTION         
times 256, or 9472 VTEC parameters and one common set of    DESCRIPTION         
satellite and 24-hour receiver DCB constants.               DESCRIPTION         
Contact address: stefan.schaer or code @aiub.unibe.ch       DESCRIPTION         
Web page:        www.aiub.unibe.ch/content/ionosphere/      DESCRIPTION         
Data archive:    ftp.unibe.ch/aiub/CODE/                    DESCRIPTION         
                 www.aiub.unibe.ch/download/CODE/           DESCRIPTION         
  2012    11    19     0     0     0                        EPOCH OF FIRST MAP  
  2012    11    20     0     0     0                        EPOCH OF LAST MAP   
  7200                                                      INTERVAL            
    13                                                      # OF MAPS IN FILE   
  NONE                                                      MAPPING FUNCTION    
    10.0                                                    ELEVATION CUTOFF    
One-way carrier phase leveled to code                       OBSERVABLES USED    
[...]
fair faiv fale flin flrs frdn func ganp glps glsv gmsd gold COMMENT             
gope gras graz guam guat guug harb harv hers hert hnpt hob2 COMMENT             
hofn hofs holb holm hrao iddr ieng iisc ilha ineg invk iqui COMMENT             
irkj irkt isba joz2 joze karr kat1 kely kerg khar kir0 kiru COMMENT             
kit3 kokb kokv kosg kouc lama lck2 lcki lhaz lmmf lpal lpgs COMMENT             
m0se mac1 mag0 mal2 mana mas1 mat1 mate maui maw1 mbar mccj COMMENT             
mcm4 mdo1 mdvj medi mets mizu mkea mnls mobj mobk mobs monp COMMENT             
morp mqzg nano nico nist nklg nlib not1 novm nrc1 nril nrmd COMMENT             
ntus nurk nya1 ohi2 ohi3 onsa opmt pado palv park pbr2 pbri COMMENT             
pdel penc pert pfa2 pimo pol2 pots pove prds ptag ptbb qaq1 COMMENT             
quin rabt ramo rcmn recf reso reun reyk rio2 riop rosa roth COMMENT             
salu sant savo sch2 scor sele sey1 sfer shao smst sofi spt0 COMMENT             
ssia sthl stjo stk2 str2 suth sutv suwn sydn syog tabv tah1 COMMENT             
tah2 tash thti thu2 thu3 tid1 tidb tixg tixi tlse tn22 tow2 COMMENT             
tro1 tsea tskb twtf txes uclu ufpr ulab unb3 unbj unbn unbt COMMENT             
unsa untr urum urus usn3 usno usud vaco vald vesl vill vtsp COMMENT             
wab1 wab2 wes2 wgtn whit will wind wsrt wtza wtzr wtzs wtzz COMMENT             
wuhn xmis yakt yar2 yar3 yarr ycba yell yssk zamb zeck zim2 COMMENT             
zimm                                                        COMMENT             
                                                            END OF HEADER       
[from data line 2145]
     6                                                      START OF TEC MAP    
  2012    11    19    10     0     0                        EPOCH OF CURRENT MAP
    87.5-180.0 180.0   5.0 450.0                            LAT/LON1/LON2/DLON/H
   74   76   77   79   80   81   82   83   84   85   85   85   86   86   86   85
   85   85   84   84   84   83   83   82   82   82   81   81   80   80   79   79
   78   78   77   76   76   75   74   73   72   71   69   68   67   65   64   63
   62   60   59   58   58   57   56   56   56   56   56   57   57   58   59   60
   61   63   64   66   67   69   71   73   74
    85.0-180.0 180.0   5.0 450.0                            LAT/LON1/LON2/DLON/H
   74   78   81   84   87   89   91   92   93   93   93   93   92   91   90   88
   87   85   84   82   81   80   79   79   78   78   78   79   79   79   80   80
   81   81   81   80   80   79   78   77   75   73   70   68   65   62   59   56
   53   50   47   44   42   40   38   37   36   35   35   36   37   38   40   42
   45   48   51   55   59   63   67   71   74
    82.5-180.0 180.0   5.0 450.0                            LAT/LON1/LON2/DLON/H
   73   78   83   88   92   95   97   98   99   98   97   95   92   89   86   82
   79   75   72   70   68   66   66   65   66   66   68   70   72   74   77   79
   81   84   85   87   87   88   87   86   84   82   79   75   71   67   62   57
   52   47   42   38   33   29   26   23   21   20   19   19   20   21   24   26
   30   34   39   44   50   55   61   67   73
    80.0-180.0 180.0   5.0 450.0                            LAT/LON1/LON2/DLON/H
   69   76   82   88   93   96   99  100   99   98   95   91   86   81   75   70
   64   60   55   52   50   48   48   48   49   51   54   58   62   67   72   77
   82   87   91   95   97   99  100  100   99   97   94   90   86   81   75   69
   62   56   49   43   37   31   26   22   18   16   14   13   13   14   15   18
   21   25   30   35   41   48   55   62   69
    77.5-180.0 180.0   5.0 450.0                            LAT/LON1/LON2/DLON/H
   63   70   77   84   89   93   96   97   96   93   88   83   76   69   62   55
   49   43   39   36   34   33   33   34   36   39   44   49   55   61   69   76
   84   91   98  104  109  112  115  116  116  116  114  111  107  102   97   90
   83   76   69   61   53   46   40   34   29   25   21   19   17   17   17   18
   20   23   26   31   36   42   48   55   63
    75.0-180.0 180.0   5.0 450.0                            LAT/LON1/LON2/DLON/H
   55   62   69   76   82   86   89   90   89   85   80   73   66   58   50   43
   37   32   29   27   26   27   28   29   32   35   39   45   51   59   68   77
   87   96  105  113  120  125  130  133  135  136  136  134  132  129  125  119
  113  105   97   89   80   72   64   56   50   44   39   35   32   29   28   27
   27   27   29   31   34   38   43   49   55
    72.5-180.0 180.0   5.0 450.0                            LAT/LON1/LON2/DLON/H
   48   53   59   66   72   77   80   82   80   77   72   65   57   49   42   36
   32   29   28   29   31   32   34   36   38   40   43   47   53   60   69   80
   90  102  112  122  130  138  143  148  152  155  157  158  158  157  155  151
  145  138  130  121  111  102   92   83   75   67   61   55   50   46   42   39
   37   35   34   34   35   36   39   43   48
    70.0-180.0 180.0   5.0 450.0                            LAT/LON1/LON2/DLON/H
   41   45   50   55   61   67   71   73   72   70   65   59   51   45   39   35
   34   34   37   40   45   48   51   52   52   52   52   54   57   64   72   83
   95  108  120  131  140  149  156  162  167  171  175  179  181  183  182  180
  176  170  161  151  140  129  118  107   97   88   79   72   65   59   54   50
   46   43   41   39   37   37   37   38   41
    67.5-180.0 180.0   5.0 450.0                            LAT/LON1/LON2/DLON/H
   36   38   41   46   51   57   61   65   66   64   60   55   49   44   40   39
   40   44   50   57   63   68   71   71   69   66   62   61   62   67   76   87
  100  114  128  140  151  160  168  175  181  186  191  196  200  203  205  205
  201  195  187  176  163  150  137  124  112  101   90   81   73   65   59   55
   51   47   45   42   40   38   37   36   36
    65.0-180.0 180.0   5.0 450.0                            LAT/LON1/LON2/DLON/H
   34   34   35   38   42   48   53   57   59   59   57   54   50   46   44   45
   48   54   62   71   80   86   89   88   83   76   70   65   65   69   78   91
  106  122  137  151  163  173  181  188  194  200  205  210  215  219  222  222
  219  213  204  192  178  163  147  133  118  105   93   81   71   63   56   52
   48   46   45   43   41   40   37   35   34
    62.5-180.0 180.0   5.0 450.0                            LAT/LON1/LON2/DLON/H
   34   31   30   32   35   40   45   50   54   55   54   53   50   48   48   50
   54   60   69   79   88   95   97   95   89   80   71   64   63   68   79   95
  112  131  148  163  176  187  197  204  210  215  219  223  227  230  233  234
  231  225  215  202  186  170  153  136  120  105   90   76   65   55   48   43
   41   41   41   42   42   41   39   37   34
    60.0-180.0 180.0   5.0 450.0                            LAT/LON1/LON2/DLON/H
   36   32   29   28   29   33   38   44   48   50   51   51   50   50   50   52
   55   61   68   77   85   92   94   92   85   75   65   59   59   66   80   99
  120  141  160  177  191  204  214  223  229  232  235  236  237  239  241  242
  239  233  223  209  193  175  157  140  123  106   89   73   59   48   40   35
   34   35   37   39   42   43   42   40   36
    57.5-180.0 180.0   5.0 450.0                            LAT/LON1/LON2/DLON/H
   42   37   31   28   28   30   34   38   42   45   46   47   48   49   50   51
   53   56   60   66   73   78   81   79   72   63   55   51   53   64   82  104
  129  152  173  191  207  221  233  243  249  252  252  251  249  249  249  249
  247  242  232  218  201  183  165  148  131  113   95   77   61   48   39   33
   31   32   35   39   44   47   48   46   42
    55.0-180.0 180.0   5.0 450.0                            LAT/LON1/LON2/DLON/H
   51   45   38   33   30   31   33   36   38   40   41   42   44   46   48   48
   48   48   49   51   55   60   62   61   56   50   44   44   51   65   87  113
  139  163  185  203  220  236  251  263  271  274  273  268  264  260  259  258
  257  252  242  228  212  194  178  162  146  129  111   92   75   60   49   42
   38   38   40   44   49   53   56   55   51
    52.5-180.0 180.0   5.0 450.0                            LAT/LON1/LON2/DLON/H
   64   58   50   44   40   38   37   37   37   37   37   38   40   43   45   46
   44   41   38   37   39   42   44   44   42   39   38   42   53   72   96  124
  151  175  195  213  230  248  265  280  291  295  293  287  280  274  271  270
  268  263  254  240  224  207  192  178  164  150  133  115   98   82   69   61
   55   52   52   54   58   63   67   67   64
    50.0-180.0 180.0   5.0 450.0                            LAT/LON1/LON2/DLON/H
   79   73   66   60   55   52   49   45   42   38   35   35   37   40   43   44
   42   38   33   30   29   31   33   34   34   35   39   47   62   84  110  137
  164  186  204  220  237  255  274  292  306  313  313  306  297  289  284  282
  279  274  264  250  233  217  203  191  181  169  156  141  124  109   96   86
   78   72   69   68   71   76   80   82   79
    47.5-180.0 180.0   5.0 450.0                            LAT/LON1/LON2/DLON/H
   94   89   84   79   75   71   66   59   51   44   38   36   37   40   43   45
   44   40   35   32   30   30   31   32   35   39   47   60   78  101  127  153
  177  196  212  226  240  258  278  299  316  326  328  322  313  304  296  292
  288  282  271  255  237  220  206  196  188  181  171  160  147  134  122  111
  102   93   87   84   85   89   94   95   94
    45.0-180.0 180.0   5.0 450.0                            LAT/LON1/LON2/DLON/H
  104  102  100   98   97   93   86   77   66   55   47   41   40   42   46   49
   49   47   45   42   40   39   38   39   43   50   63   79   99  121  145  169
  190  207  220  231  243  259  279  300  319  332  337  334  326  315  306  299
  293  285  272  255  235  215  200  190  184  180  174  167  158  148  138  129
  120  110  102   97   97  100  103  105  104
    42.5-180.0 180.0   5.0 450.0                            LAT/LON1/LON2/DLON/H
  107  106  108  112  113  111  104   93   81   69   59   51   48   48   51   54
   57   58   59   59   58   56   53   52   56   66   81  100  121  142  164  184
  202  217  229  239  249  263  280  300  319  334  341  341  334  324  313  303
  295  286  271  252  230  208  191  179  173  169  166  161  155  149  143  136
  128  118  110  105  104  105  107  108  107
    40.0-180.0 180.0   5.0 450.0                            LAT/LON1/LON2/DLON/H
   98   99  105  114  120  121  115  104   93   82   72   64   59   57   58   61
   66   70   75   79   80   76   71   67   70   82  100  121  142  162  180  198
  214  229  241  251  261  272  286  302  318  333  342  345  340  330  319  308
  299  289  274  255  231  208  188  173  164  158  154  149  145  141  137  133
  127  119  112  107  105  105  104  101   98
    37.5-180.0 180.0   5.0 450.0                            LAT/LON1/LON2/DLON/H
   80   80   89  102  113  116  112  104   97   90   83   77   71   68   67   70
   74   81   90   97  100   96   88   81   83   96  116  139  160  178  194  209
  225  241  256  269  279  289  298  309  321  333  343  348  347  339  328  318
  311  302  291  273  251  227  205  186  172  160  152  144  138  134  130  127
  123  118  111  107  104  101   95   87   80
    35.0-180.0 180.0   5.0 450.0                            LAT/LON1/LON2/DLON/H
   56   53   62   78   92   98   96   92   89   89   89   86   82   79   77   79
   83   90  101  111  115  111  101   93   94  107  129  153  174  191  204  219
  235  254  273  291  304  314  320  325  331  339  348  356  358  354  347  341
  337  334  328  317  299  278  255  232  211  191  174  160  148  140  135  131
  127  122  116  111  106   98   85   69   56
    32.5-180.0 180.0   5.0 450.0                            LAT/LON1/LON2/DLON/H
   33   24   31   47   61   67   67   67   72   80   87   90   89   88   87   88
   91   97  108  120  126  122  111  101  102  115  138  163  184  200  213  227
  245  267  292  316  335  347  351  351  351  354  362  372  379  381  380  380
  384  390  392  389  379  363  342  317  288  259  231  207  187  172  162  154
  148  141  133  126  117  103   82   55   33
    30.0-180.0 180.0   5.0 450.0                            LAT/LON1/LON2/DLON/H
   21    3    4   17   28   33   33   37   48   64   78   86   91   94   96   98
   99  103  112  123  131  128  117  107  108  122  145  171  192  209  221  236
  255  280  310  341  367  384  390  387  382  381  388  400  412  421  428  438
  452  467  480  486  485  477  461  435  401  362  323  288  258  234  217  203
  192  180  169  158  144  123   92   54   21
    27.5-180.0 180.0   5.0 450.0                            LAT/LON1/LON2/DLON/H
   28    1    0    0    5    5    4    9   25   46   64   77   86   94  102  106
  106  107  113  123  131  130  121  112  113  128  151  177  200  217  231  246
  266  293  328  365  399  423  433  430  423  420  426  441  459  475  491  511
  535  560  581  596  604  605  595  571  534  488  440  395  356  323  297  276
  259  241  224  208  189  162  122   73   28
    25.0-180.0 180.0   5.0 450.0                            LAT/LON1/LON2/DLON/H
   61   23    6    2    0    0    0    0   10   32   51   64   76   90  104  112
  112  110  112  121  129  130  123  116  119  134  157  183  207  227  244  260
  280  308  345  388  429  461  477  478  472  468  476  494  517  540  563  591
  623  655  681  700  715  723  721  701  663  614  561  510  464  423  390  363
  339  316  294  273  251  219  172  115   61
    22.5-180.0 180.0   5.0 450.0                            LAT/LON1/LON2/DLON/H
  117   71   44   30   18    5    0    0   11   29   42   51   63   81  101  114
  115  111  110  117  125  128  123  119  124  139  163  190  216  240  260  279
  299  326  364  410  457  496  519  526  523  522  532  553  579  607  636  669
  705  738  763  781  796  809  812  798  763  715  662  610  561  517  479  447
  418  392  367  344  320  288  239  178  117
    20.0-180.0 180.0   5.0 450.0                            LAT/LON1/LON2/DLON/H
  189  138  104   81   61   40   25   23   31   40   43   43   50   69   94  111
  115  110  107  112  120  124  122  121  128  145  169  197  228  257  282  303
  323  349  385  432  482  526  556  570  573  577  590  613  641  669  699  733
  767  796  813  824  834  847  853  843  814  772  724  676  629  583  543  509
  480  453  429  408  387  358  312  252  189
    17.5-180.0 180.0   5.0 450.0                            LAT/LON1/LON2/DLON/H
  266  215  177  147  119   93   74   66   66   64   54   42   41   58   84  104
  110  106  103  107  115  119  119  120  130  149  175  207  242  278  309  332
  352  377  411  455  505  551  586  607  617  626  643  667  693  719  745  775
  804  823  827  824  825  833  839  832  809  775  737  697  654  610  569  537
  510  487  468  453  439  417  379  325  266
    15.0-180.0 180.0   5.0 450.0                            LAT/LON1/LON2/DLON/H
  332  285  247  214  183  154  132  119  111   98   75   50   39   50   74   95
  103  100   98  103  110  114  114  118  131  154  183  219  260  302  338  365
  386  408  439  480  526  571  608  633  650  665  685  708  731  751  771  793
  813  819  809  790  778  777  780  774  755  730  703  672  635  593  554  524
  503  487  476  470  465  453  426  383  332
    12.5-180.0 180.0   5.0 450.0                            LAT/LON1/LON2/DLON/H
  374  335  301  269  237  208  185  169  155  132   99   65   45   48   67   86
   94   93   94   99  106  109  109  116  132  159  193  233  280  327  369  398
  420  441  468  504  544  585  621  649  670  690  712  734  752  765  776  791
  801  795  771  738  713  703  700  692  676  658  641  618  584  543  504  477
  462  455  453  456  461  460  445  414  374
    10.0-180.0 180.0   5.0 450.0                            LAT/LON1/LON2/DLON/H
  386  357  328  300  272  245  222  205  186  159  122   83   57   53   65   80
   87   88   91   98  104  106  106  115  136  167  206  251  302  353  397  428
  449  470  494  524  557  592  625  654  678  701  724  743  756  761  766  774
  777  764  731  689  655  638  628  616  600  586  574  555  522  478  437  411
  402  402  408  418  430  437  432  413  386
     7.5-180.0 180.0   5.0 450.0                            LAT/LON1/LON2/DLON/H
  367  347  327  304  281  257  237  219  199  172  137   99   72   63   68   77
   83   85   91   99  104  105  107  118  143  180  223  271  323  375  419  450
  471  490  512  537  564  592  621  649  675  699  722  738  746  746  747  753
  755  740  705  662  627  606  592  574  555  541  530  510  472  421  375  347
  339  344  353  366  381  392  393  384  367
     5.0-180.0 180.0   5.0 450.0                            LAT/LON1/LON2/DLON/H
  325  314  300  284  266  247  228  210  191  168  140  111   87   76   75   79
   82   86   93  101  107  108  111  126  155  196  242  291  342  391  432  461
  481  500  520  541  562  585  611  638  664  688  709  723  727  726  728  736
  742  733  704  668  639  621  605  583  558  540  524  498  452  392  337  305
  294  297  305  315  326  335  338  334  325
     2.5-180.0 180.0   5.0 450.0                            LAT/LON1/LON2/DLON/H
  274  268  260  250  237  222  205  187  169  152  134  116   99   88   84   84
   85   88   96  105  111  113  119  138  172  215  262  309  356  399  435  461
  480  498  516  535  554  575  599  625  651  673  691  703  707  707  713  727
  742  744  729  707  691  682  667  642  611  586  563  528  471  399  336  296
  280  277  277  278  280  282  282  279  274
