TEC/CODG0440.12I
     1.0            IONOSPHERE MAPS     GNSS                IONEX VERSION / TYPE
ADDNEQ2 V5.1        AIUB                20-FEB-12 14:08     PGM / RUN BY / DATE 
CODE'S GLOBAL IONOSPHERE MAPS FOR DAY 044, 2012             COMMENT             
Global ionosphere maps (GIM) are generated on a daily basis DESCRIPTION         
at CODE using data from about 150 GPS sites of the IGS and  DESCRIPTION         
other institutions. The vertical total electron content     DESCRIPTION         
(VTEC) is modeled in a solar-geomagnetic reference frame    DESCRIPTION         
using a spherical harmonics expansion up to degree and      DESCRIPTION         
order 15. Piece-wise linear functions are used for          DESCRIPTION         
representation in the time domain. The time spacing of      DESCRIPTION         
their vertices is 2 hours, conforming with the epochs of    DESCRIPTION         
the VTEC maps. Instrumental biases, so-called differential  DESCRIPTION         
P1-P2 code biases (DCB), for all GPS satellites and ground  DESCRIPTION         
stations are estimated as constant values for each day,     DESCRIPTION         
simultaneously with the 13 times 256, or 3328 parameters    DESCRIPTION         
used to represent the global VTEC distribution. The DCB     DESCRIPTION         
datum is defined by a zero-mean condition imposed on the    DESCRIPTION         
satellite bias estimates. P1-C1 bias corrections are taken  DESCRIPTION         
into account if needed. To convert line-of-sight TEC into   DESCRIPTION         
vertical TEC, a modified single-layer model mapping         DESCRIPTION         
function approximating the JPL extended slab model mapping  DESCRIPTION         
function is adopted. The mapping function is evaluated at   DESCRIPTION         
geodetic satellite elevation angles. For the computation of DESCRIPTION         
the ionospheric pierce points, a spherical layer with a     DESCRIPTION         
radius of 6821 km is assumed, implying geocentric, not      DESCRIPTION         
geodetic IONEX latitudes.                                   DESCRIPTION         
Note: These GIM results correspond to the results for the   DESCRIPTION         
middle day of a 3-day combination analysis solving for 37   DESCRIPTION         
times 256, or 9472 VTEC parameters and one common set of    DESCRIPTION         
satellite and 24-hour receiver DCB constants.               DESCRIPTION         
Contact address: stefan.schaer or code @aiub.unibe.ch       DESCRIPTION         
Web site:        http://www.aiub.unibe.ch/ionosphere/       DESCRIPTION         
Data archive:    ftp://ftp.unibe.ch/aiub/CODE/              DESCRIPTION         
                 http://www.aiub.unibe.ch/download/CODE/    DESCRIPTION         
  2012     2    13     0     0     0                        EPOCH OF FIRST MAP  
  2012     2    14     0     0     0                        EPOCH OF LAST MAP   
  7200                                                      INTERVAL            
    13                                                      # OF MAPS IN FILE   
  NONE                                                      MAPPING FUNCTION    
    10.0                                                    ELEVATION CUTOFF    
One-way carrier phase leveled to code                       OBSERVABLES USED    
[...]
chpi chti chur cnmr coco conz coyq cpxf crar cro1 ctwn daej COMMENT             
darw dav1 dgar dgav dhlg drao dubo ebre etad fair faiv fale COMMENT             
flin flrs frdn func ganp glsv gode godz gold gope gras graz COMMENT             
guam guug harb hers hert hnpt hob2 hofn holb holm hrao hyde COMMENT             
iddr ieng iisc ineg invk iqal iqui irkj irkt isba ispa joz2 COMMENT             
joze jplv karr kely kerg khaj khar kir0 kiru kit3 kokb kokv COMMENT             
kouc lama lhaz lmmf lpal lpgs m0se mac1 madr mag0 mal2 mas1 COMMENT             
mat1 mate maui maw1 mcm4 mdo1 mdvj medi mets metz mizu mkea COMMENT             
mnls mobj mobk mobs monp morp mqzg nano nico nist nklg nlib COMMENT             
not1 novm nrc1 nril nrmd ntus nurk nya1 ohi2 ohi3 onsa opmt COMMENT             
pado palv park pdel penc pfa2 pie1 pimo pol2 pots pove prds COMMENT             
ptbb qaq1 quin rabt ramo reso reun reyk rio2 riop rosa roth COMMENT             
salu sant savo sch2 scor scub sele sfer shao smst sofi spt0 COMMENT             
sthl stjo str2 suth sutv suwn sydn syog tabv tah1 tah2 thti COMMENT             
thu2 thu3 tid1 tidb tixg tixi tlse tn22 tow2 tro1 tsea tskb COMMENT             
twtf txes uclu ufpr ulab unb3 unbj unbn unbt unsa urus usn3 COMMENT             
usno usud vaco vald vesl vill vtsp wab2 wes2 wgtn whit will COMMENT             
wsrt wtza wtzr wtzs wtzz wuhn xmis yakt yar2 yar3 yarr ycba COMMENT             
yell yssk zeck zim2 zimm zwe2                               COMMENT             
                                                            END OF HEADER       
[from data line 3861]
    10                                                      START OF TEC MAP    
  2012     2    13    18     0     0                        EPOCH OF CURRENT MAP
    87.5-180.0 180.0   5.0 450.0                            LAT/LON1/LON2/DLON/H
   41   42   43   45   46   47   49   51   52   54   56   58   60   62   64   65
   67   69   71   72   74   75   76   77   78   79   79   80   80   80   80   79
   79   78   77   76   75   74   73   71   70   68   66   65   63   61   59   58
   56   54   53   51   49   48   46   45   44   43   42   41   40   39   39   38
   38   38   38   38   38   39   40   40   41
    85.0-180.0 180.0   5.0 450.0                            LAT/LON1/LON2/DLON/H
   30   31   33   35   37   39   42   45   48   51   54   58   61   64   68   71
   75   78   81   84   87   89   92   93   95   96   97   98   98   98   98   97
   97   95   94   92   90   88   85   83   80   77   74   71   68   65   62   59
   57   54   51   48   46   43   41   39   36   34   33   31   30   28   27   27
   26   26   25   26   26   26   27   28   30
    82.5-180.0 180.0   5.0 450.0                            LAT/LON1/LON2/DLON/H
   26   28   29   31   33   36   39   42   45   49   53   57   61   66   70   75
   79   83   88   91   95   98  101  104  106  107  108  109  110  110  109  108
  107  106  104  102   99   97   94   91   87   84   81   78   74   71   68   65
   62   59   56   53   50   47   44   42   39   37   34   32   30   28   27   26
   25   24   23   23   23   24   24   25   26
    80.0-180.0 180.0   5.0 450.0                            LAT/LON1/LON2/DLON/H
   32   33   34   35   37   38   41   43   46   50   53   57   62   67   71   76
   81   86   90   95   98  102  104  107  109  110  111  112  112  112  111  111
  110  108  106  104  102  100   97   94   92   89   86   84   81   79   77   74
   72   70   67   65   63   60   57   54   52   49   46   44   41   39   37   36
   34   33   32   31   31   31   31   31   32
    77.5-180.0 180.0   5.0 450.0                            LAT/LON1/LON2/DLON/H
   46   46   46   46   46   47   48   49   51   54   57   60   64   69   73   78
   83   88   92   96   99  102  104  106  107  107  107  107  107  106  106  105
  104  103  102  101   99   98   96   94   93   91   90   89   89   88   88   88
   87   86   85   84   82   80   77   75   72   69   66   63   60   58   55   53
   51   49   48   47   46   46   46   46   46
    75.0-180.0 180.0   5.0 450.0                            LAT/LON1/LON2/DLON/H
   63   63   62   61   60   60   59   59   60   61   63   66   70   74   78   82
   87   91   95   99  101  103  105  105  104  103  101  100   98   97   96   95
   94   94   94   93   93   92   92   91   91   92   92   94   96   98  100  102
  103  104  105  104  103  101   99   97   94   91   88   85   81   78   76   73
   71   68   67   66   65   64   64   64   63
    72.5-180.0 180.0   5.0 450.0                            LAT/LON1/LON2/DLON/H
   79   79   78   76   75   73   72   71   70   71   73   75   78   82   86   90
   95   99  103  106  109  110  110  108  106  102   98   94   91   88   86   84
   84   83   83   84   84   84   85   85   87   89   92   95   99  104  109  113
  116  119  121  121  121  119  117  114  111  108  105  102   99   96   93   90
   87   84   82   81   80   80   80   80   79
    70.0-180.0 180.0   5.0 450.0                            LAT/LON1/LON2/DLON/H
   89   89   89   87   85   83   81   80   80   81   83   86   89   93   97  102
  107  111  116  120  123  124  123  120  115  109  102   95   89   84   80   77
   76   75   75   75   75   76   77   78   80   83   87   92   98  105  111  117
  122  126  128  129  129  127  125  122  120  117  114  111  109  106  102   99
   96   93   90   88   88   88   88   89   89
    67.5-180.0 180.0   5.0 450.0                            LAT/LON1/LON2/DLON/H
   90   91   91   90   89   87   86   86   87   89   93   97  101  106  111  116
  122  128  134  139  143  145  144  140  133  124  114  104   95   87   82   77
   74   72   71   70   70   69   70   70   72   75   79   85   92   99  107  113
  119  123  125  125  125  123  121  119  117  115  113  111  109  106  103  100
   96   92   89   87   86   86   87   89   90
    65.0-180.0 180.0   5.0 450.0                            LAT/LON1/LON2/DLON/H
   81   83   84   84   84   84   85   87   91   95  101  107  113  120  126  132
  139  146  154  161  167  170  170  165  157  146  133  121  109  100   92   86
   81   77   74   71   69   67   65   64   64   66   69   74   81   88   95  101
  106  109  110  110  109  108  107  105  104  103  103  102  101  100   97   93
   89   84   80   77   75   75   77   79   81
    62.5-180.0 180.0   5.0 450.0                            LAT/LON1/LON2/DLON/H
   66   68   70   72   74   77   80   85   91   99  108  117  125  134  141  149
  156  165  174  183  191  195  196  192  183  171  157  143  131  120  111  103
   96   90   84   79   74   69   65   62   59   59   60   64   69   74   80   85
   88   89   89   88   87   86   86   86   87   88   89   90   90   89   87   84
   78   73   67   63   60   60   61   63   66
    60.0-180.0 180.0   5.0 450.0                            LAT/LON1/LON2/DLON/H
   50   52   55   58   63   68   75   83   92  103  115  126  137  148  157  165
  173  181  191  201  210  217  218  215  206  194  181  168  156  146  137  128
  119  110  101   93   85   77   71   65   60   56   55   56   59   63   67   69
   69   68   66   65   64   64   66   68   70   73   76   78   80   80   79   75
   70   63   56   50   46   45   45   47   50
    57.5-180.0 180.0   5.0 450.0                            LAT/LON1/LON2/DLON/H
   38   40   43   48   55   64   74   85   97  110  123  137  151  163  173  181
  189  196  205  215  224  231  233  231  223  213  202  192  183  175  167  158
  148  136  124  112  101   91   82   74   67   61   57   56   57   59   60   59
   57   53   50   47   47   49   52   56   60   64   68   72   75   76   75   72
   66   58   50   43   38   35   35   36   38
    55.0-180.0 180.0   5.0 450.0                            LAT/LON1/LON2/DLON/H
   35   37   40   47   56   68   82   95  109  122  136  151  166  179  190  198
  205  210  217  224  232  238  240  239  233  226  219  213  209  205  199  191
  179  165  150  135  121  109   98   89   80   72   67   64   64   63   62   59
   54   48   43   40   40   43   48   53   59   64   69   73   76   78   78   75
   70   61   52   44   38   35   34   34   35
    52.5-180.0 180.0   5.0 450.0                            LAT/LON1/LON2/DLON/H
   42   43   47   55   68   83   99  114  128  141  155  169  184  198  210  218
  222  225  227  231  235  239  241  241  238  235  233  233  234  234  231  222
  209  192  174  157  141  128  117  107   97   89   83   80   78   77   75   70
   63   54   48   44   44   48   54   60   66   71   76   80   83   86   87   84
   79   71   62   54   48   44   42   42   42
    50.0-180.0 180.0   5.0 450.0                            LAT/LON1/LON2/DLON/H
   57   58   62   73   89  107  126  142  155  166  177  190  205  220  232  240
  243  242  239  237  237  239  241  242  242  243  246  251  256  259  257  248
  233  213  193  174  158  145  134  124  116  108  102   98   97   96   93   87
   79   69   61   57   56   60   66   72   78   83   87   91   94   97   98   97
   92   85   76   68   62   59   58   57   57
    47.5-180.0 180.0   5.0 450.0                            LAT/LON1/LON2/DLON/H
   75   76   82   95  114  136  157  174  186  195  204  215  228  243  256  263
  265  261  253  246  242  241  243  245  248  252  259  267  275  279  276  265
  247  226  204  184  168  156  147  139  132  125  119  115  114  114  112  106
   97   86   78   72   71   74   78   84   89   93   98  101  104  107  108  108
  105   98   90   83   78   75   75   75   75
    45.0-180.0 180.0   5.0 450.0                            LAT/LON1/LON2/DLON/H
   91   93  100  115  137  163  187  206  217  225  231  240  252  266  279  288
  289  282  271  260  253  250  252  255  260  266  274  283  290  293  287  272
  252  228  206  187  172  161  154  148  142  136  130  127  126  127  125  120
  111  101   91   86   84   85   87   91   95   99  104  108  111  114  115  116
  113  108  101   94   89   88   89   90   91
    42.5-180.0 180.0   5.0 450.0                            LAT/LON1/LON2/DLON/H
  100  104  112  129  154  183  210  231  244  252  257  265  275  289  302  311
  312  305  292  278  269  266  268  272  277  283  289  296  300  299  289  271
  248  224  203  185  172  163  157  152  147  141  134  130  129  130  130  126
  117  107   98   92   89   88   89   90   94   98  104  109  112  115  117  118
  116  112  105   98   93   93   95   98  100
    40.0-180.0 180.0   5.0 450.0                            LAT/LON1/LON2/DLON/H
   99  105  115  134  161  192  222  246  262  273  280  288  297  310  323  332
  334  327  314  300  291  288  291  295  298  301  303  305  305  299  285  264
  241  219  200  185  173  165  159  154  148  141  133  127  125  125  125  122
  115  105   97   91   87   85   84   84   87   92   99  105  109  112  114  115
  114  110  103   95   90   89   91   95   99
    37.5-180.0 180.0   5.0 450.0                            LAT/LON1/LON2/DLON/H
   90   97  109  128  156  189  222  250  271  287  299  308  318  328  340  350
  353  347  335  322  314  313  316  319  318  316  313  310  306  296  281  260
  239  220  205  193  183  173  165  158  151  141  131  122  117  116  116  113
  107   98   90   85   81   78   76   75   77   83   91   98  103  106  108  109
  109  105   97   87   80   77   80   85   90
    35.0-180.0 180.0   5.0 450.0                            LAT/LON1/LON2/DLON/H
   75   84   97  117  145  178  212  243  271  295  313  326  336  345  356  365
  368  364  353  343  337  337  339  338  333  325  317  311  305  297  284  266
  250  236  227  217  206  193  180  169  158  146  132  120  113  110  109  106
   99   91   83   78   75   73   70   69   71   77   85   93   98  100  102  103
  103   98   89   78   68   63   64   69   75
    32.5-180.0 180.0   5.0 450.0                            LAT/LON1/LON2/DLON/H
   60   70   84  104  131  162  196  231  265  296  321  339  351  360  369  377
  381  377  368  359  355  355  355  350  340  326  316  311  309  307  300  290
  281  274  269  261  246  227  207  190  175  160  143  128  118  113  111  107
  100   91   83   78   76   74   72   70   71   76   83   91   96   98   99  100
   99   94   84   70   57   49   48   52   60
    30.0-180.0 180.0   5.0 450.0                            LAT/LON1/LON2/DLON/H
   49   60   76   96  120  149  181  217  255  292  325  348  362  372  380  387
  391  387  379  371  367  366  363  353  338  323  314  315  323  332  336  336
  334  333  331  321  301  274  245  221  202  183  165  148  136  130  127  122
  113  102   93   87   85   85   83   81   80   82   88   94   98   99  100  101
  100   95   84   68   52   41   37   41   49
    27.5-180.0 180.0   5.0 450.0                            LAT/LON1/LON2/DLON/H
   44   58   75   95  117  142  171  205  244  286  324  352  369  380  388  396
  398  394  385  377  373  369  362  349  332  319  317  329  351  374  392  401
  406  409  407  393  365  327  289  258  235  215  196  179  167  160  157  151
  141  128  115  108  105  105  104  101   97   95   97  100  103  105  105  106
  105   99   88   71   54   41   35   36   44
    25.0-180.0 180.0   5.0 450.0                            LAT/LON1/LON2/DLON/H
   48   63   81  102  123  144  168  198  235  278  319  350  371  384  394  402
  404  398  388  379  373  367  357  342  328  322  332  357  394  432  462  479
  488  490  484  464  427  379  331  294  269  250  233  217  205  199  195  190
  179  163  148  136  131  130  129  124  116  110  108  109  111  113  114  114
  112  107   95   80   63   48   40   40   48
    22.5-180.0 180.0   5.0 450.0                            LAT/LON1/LON2/DLON/H
   58   74   94  115  135  154  173  197  230  270  310  343  366  383  397  406
  407  400  388  378  371  364  353  340  332  338  361  401  451  500  537  558
  564  562  549  522  476  419  365  324  299  282  267  253  242  237  235  231
  221  204  184  168  160  156  153  146  134  124  118  117  119  121  123  123
  121  115  105   91   75   61   52   51   58
    20.0-180.0 180.0   5.0 450.0                            LAT/LON1/LON2/DLON/H
   72   88  109  132  151  168  184  203  229  264  300  333  358  379  396  408
  410  401  389  378  371  364  355  348  351  370  407  458  515  568  606  622
  622  610  589  555  503  441  384  343  319  305  293  281  271  267  266  265
  257  241  219  198  184  177  172  162  147  133  125  124  126  129  131  131
  128  122  113  102   90   78   68   65   72
    17.5-180.0 180.0   5.0 450.0                            LAT/LON1/LON2/DLON/H
   86  102  124  147  167  183  197  212  233  261  293  323  349  373  394  408
  411  403  391  382  377  372  369  371  386  418  465  520  577  625  655  661
  649  627  598  558  505  443  388  349  329  317  307  295  285  281  283  286
  283  270  247  222  203  191  182  170  153  137  129  128  132  135  136  135
  132  126  119  112  104   94   84   80   86
    15.0-180.0 180.0   5.0 450.0                            LAT/LON1/LON2/DLON/H
   97  112  134  158  179  197  211  224  241  264  291  318  344  369  392  409
  414  407  398  392  392  393  396  409  436  479  529  580  626  661  676  668
  643  610  575  535  485  430  381  347  330  320  309  295  284  279  283  290
  294  286  265  237  214  198  186  171  154  139  132  133  136  139  138  136
  132  127  122  119  115  108   99   93   97
    12.5-180.0 180.0   5.0 450.0                            LAT/LON1/LON2/DLON/H
  105  119  140  164  186  206  223  238  254  274  297  322  346  371  395  412
  419  416  411  411  417  425  437  459  496  543  590  628  656  671  668  645
  608  567  530  495  455  411  371  344  328  317  303  286  271  264  269  282
  293  292  275  247  220  201  187  172  155  142  138  140  143  142  138  133
  128  124  121  122  122  118  109  102  105
    10.0-180.0 180.0   5.0 450.0                            LAT/LON1/LON2/DLON/H
  109  122  143  166  189  212  233  252  270  290  313  336  359  381  404  421
  430  431  432  440  453  468  487  516  557  602  638  658  663  657  637  602
  556  513  479  453  427  397  368  347  331  316  296  273  254  245  249  266
  284  291  280  254  227  207  192  176  161  152  150  153  152  146  137  129
  122  119  119  122  126  123  114  107  109
     7.5-180.0 180.0   5.0 450.0                            LAT/LON1/LON2/DLON/H
  110  123  144  166  189  215  241  265  287  311  336  360  381  401  420  436
  447  453  461  476  496  517  541  572  611  648  668  667  651  627  595  553
  506  466  440  426  414  399  381  362  344  321  294  265  242  230  234  253
  276  290  284  263  238  219  204  190  178  171  171  172  166  152  136  123
  116  113  115  121  126  124  115  107  110
     5.0-180.0 180.0   5.0 450.0                            LAT/LON1/LON2/DLON/H
  108  124  145  167  190  217  247  276  304  333  363  390  411  427  443  457
  470  481  496  517  542  567  591  620  651  675  678  659  627  593  557  516
  474  441  425  424  426  422  411  393  368  337  302  269  242  228  230  248
  274  292  292  275  255  239  226  215  204  199  199  197  183  161  137  120
  111  109  112  118  123  120  111  104  108
     2.5-180.0 180.0   5.0 450.0                            LAT/LON1/LON2/DLON/H
  104  123  147  170  193  221  252  284  317  351  387  419  441  456  469  483
  498  514  534  560  587  611  632  653  673  682  670  639  601  567  536  503
  471  448  443  451  463  465  456  434  401  361  320  284  258  243  242  257
  280  299  302  291  276  264  256  247  237  232  231  224  203  171  140  119
  110  108  110  115  118  113  103   97  104
