TEC/CODG0440.12I
     1.0            IONOSPHERE MAPS     GNSS                IONEX VERSION / TYPE
ADDNEQ2 V5.1        AIUB                20-FEB-12 14:08     PGM / RUN BY / DATE 
CODE'S GLOBAL IONOSPHERE MAPS FOR DAY 044, 2012             COMMENT             
Global ionosphere maps (GIM) are generated on a daily basis DESCRIPTION         
at CODE using data from about 150 GPS sites of the IGS and  DESCRIPTION         
other institutions. The vertical total electron content     DESCRIPTION         
(VTEC) is modeled in a solar-geomagnetic reference frame    DESCRIPTION         
using a spherical harmonics expansion up to degree and      DESCRIPTION         
order 15. Piece-wise linear functions are used for          DESCRIPTION         
representation in the time domain. The time spacing of      DESCRIPTION         
their vertices is 2 hours, conforming with the epochs of    DESCRIPTION         
the VTEC maps. Instrumental biases, so-called differential  DESCRIPTION         
P1-P2 code biases (DCB), for all GPS satellites and ground  DESCRIPTION         
stations are estimated as constant values for each day,     DESCRIPTION         
simultaneously with the 13 times 256, or 3328 parameters    DESCRIPTION         
used to represent the global VTEC distribution. The DCB     DESCRIPTION         
datum is defined by a zero-mean condition imposed on the    DESCRIPTION         
satellite bias estimates. P1-C1 bias corrections are taken  DESCRIPTION         
into account if needed. To convert line-of-sight TEC into   DESCRIPTION         
vertical TEC, a modified single-layer model mapping         DESCRIPTION         
function approximating the JPL extended slab model mapping  DESCRIPTION         
function is adopted. The mapping function is evaluated at   DESCRIPTION         
geodetic satellite elevation angles. For the computation of DESCRIPTION         
the ionospheric pierce points, a spherical layer with a     DESCRIPTION         
radius of 6821 km is assumed, implying geocentric, not      DESCRIPTION         
geodetic IONEX latitudes.                                   DESCRIPTION         
Note: These GIM results correspond to the results for the   DESCRIPTION         
middle day of a 3-day combination analysis solving for 37   DESCRIPTION         
times 256, or 9472 VTEC parameters and one common set of    DESCRIPTION         
satellite and 24-hour receiver DCB constants.               DESCRIPTION         
Contact address: stefan.schaer or code @aiub.unibe.ch       DESCRIPTION         
Web site:        http://www.aiub.unibe.ch/ionosphere/       DESCRIPTION         
Data archive:    ftp://ftp.unibe.ch/aiub/CODE/              DESCRIPTION         
                 http://www.aiub.unibe.ch/download/CODE/    DESCRIPTION         
  2012     2    13     0     0     0                        EPOCH OF FIRST MAP  
  2012     2    14     0     0     0                        EPOCH OF LAST MAP   
  7200                                                      INTERVAL            
    13                                                      # OF MAPS IN FILE   
  NONE                                                      MAPPING FUNCTION    
    10.0                                                    ELEVATION CUTOFF    
One-way carrier phase leveled to code                       OBSERVABLES USED    
[...]
chpi chti chur cnmr coco conz coyq cpxf crar cro1 ctwn daej COMMENT             
darw dav1 dgar dgav dhlg drao dubo ebre etad fair faiv fale COMMENT             
flin flrs frdn func ganp glsv gode godz gold gope gras graz COMMENT             
guam guug harb hers hert hnpt hob2 hofn holb holm hrao hyde COMMENT             
iddr ieng iisc ineg invk iqal iqui irkj irkt isba ispa joz2 COMMENT             
joze jplv karr kely kerg khaj khar kir0 kiru kit3 kokb kokv COMMENT             
kouc lama lhaz lmmf lpal lpgs m0se mac1 madr mag0 mal2 mas1 COMMENT             
mat1 mate maui maw1 mcm4 mdo1 mdvj medi mets metz mizu mkea COMMENT             
mnls mobj mobk mobs monp morp mqzg nano nico nist nklg nlib COMMENT             
not1 novm nrc1 nril nrmd ntus nurk nya1 ohi2 ohi3 onsa opmt COMMENT             
pado palv park pdel penc pfa2 pie1 pimo pol2 pots pove prds COMMENT             
ptbb qaq1 quin rabt ramo reso reun reyk rio2 riop rosa roth COMMENT             
salu sant savo sch2 scor scub sele sfer shao smst sofi spt0 COMMENT             
sthl stjo str2 suth sutv suwn sydn syog tabv tah1 tah2 thti COMMENT             
thu2 thu3 tid1 tidb tixg tixi tlse tn22 tow2 tro1 tsea tskb COMMENT             
twtf txes uclu ufpr ulab unb3 unbj unbn unbt unsa urus usn3 COMMENT             
usno usud vaco vald vesl vill vtsp wab2 wes2 wgtn whit will COMMENT             
wsrt wtza wtzr wtzs wtzz wuhn xmis yakt yar2 yar3 yarr ycba COMMENT             
yell yssk zeck zim2 zimm zwe2                               COMMENT             
                                                            END OF HEADER       
[from data line 4290]
    11                                                      START OF TEC MAP    
  2012     2    13    20     0     0                        EPOCH OF CURRENT MAP
    87.5-180.0 180.0   5.0 450.0                            LAT/LON1/LON2/DLON/H
   36   36   36   36   36   37   37   37   38   38   39   39   39   40   40   41
   41   41   42   42   42   42   43   43   43   43   43   43   43   42   42   42
   42   42   41   41   41   40   40   40   39   39   39   38   38   38   38   37
   37   37   37   37   37   37   37   37   36   36   36   36   36   36   36   36
   36   36   36   36   35   35   35   35   36
    85.0-180.0 180.0   5.0 450.0                            LAT/LON1/LON2/DLON/H
   37   37   37   37   38   39   39   40   41   42   43   45   46   47   48   49
   49   50   51   51   51   52   52   52   52   52   52   51   51   51   51   50
   50   49   49   48   47   46   46   45   44   43   42   42   41   41   40   40
   40   40   40   40   41   41   41   41   42   42   42   42   42   41   41   41
   40   40   39   38   38   37   37   37   37
    82.5-180.0 180.0   5.0 450.0                            LAT/LON1/LON2/DLON/H
   41   41   41   41   42   43   45   46   48   50   52   54   56   58   59   60
   61   62   62   63   63   63   62   62   62   61   61   61   60   60   60   59
   59   58   58   57   56   55   54   52   51   49   48   47   46   45   45   44
   45   45   46   47   48   49   50   51   51   52   52   53   52   52   51   50
   49   48   47   45   44   43   42   41   41
    80.0-180.0 180.0   5.0 450.0                            LAT/LON1/LON2/DLON/H
   47   47   47   48   49   51   54   56   59   62   65   68   70   72   74   75
   76   76   76   75   75   74   73   72   71   70   69   69   68   68   68   67
   67   67   67   67   66   65   63   61   59   57   55   53   51   50   49   49
   50   51   52   54   56   59   61   63   64   65   66   67   66   66   64   63
   61   59   57   55   53   51   49   48   47
    77.5-180.0 180.0   5.0 450.0                            LAT/LON1/LON2/DLON/H
   56   56   56   58   60   63   66   70   74   78   82   86   89   91   92   92
   92   91   90   88   87   85   83   81   79   77   76   74   73   73   73   73
   73   74   75   75   75   74   72   70   67   64   61   58   56   54   54   54
   55   57   59   62   65   69   72   75   77   79   80   80   80   79   77   75
   72   70   67   64   62   60   58   57   56
    75.0-180.0 180.0   5.0 450.0                            LAT/LON1/LON2/DLON/H
   66   66   67   69   72   76   80   86   91   97  102  106  110  111  112  111
  109  106  104  101   98   96   93   90   87   84   81   78   76   74   74   74
   75   77   78   80   80   80   79   76   73   69   65   62   59   57   56   56
   58   60   64   68   72   77   81   85   87   90   91   91   90   88   86   83
   80   77   75   72   70   68   67   66   66
    72.5-180.0 180.0   5.0 450.0                            LAT/LON1/LON2/DLON/H
   74   76   78   81   85   89   95  102  109  116  123  128  131  132  131  129
  125  121  117  113  110  107  104  100   96   91   86   81   76   72   70   70
   71   73   76   79   80   81   80   77   74   70   65   61   58   56   55   56
   58   61   65   70   75   81   85   89   93   95   96   96   94   92   89   86
   83   80   77   75   74   73   73   73   74
    70.0-180.0 180.0   5.0 450.0                            LAT/LON1/LON2/DLON/H
   80   83   86   90   95  100  107  115  124  133  141  147  151  152  150  146
  140  134  129  125  122  119  116  113  107  100   92   83   75   68   64   62
   62   64   68   71   73   75   74   72   69   64   60   56   53   51   51   52
   55   58   63   68   74   79   84   89   92   94   95   94   92   89   86   82
   79   76   74   73   73   73   75   77   80
    67.5-180.0 180.0   5.0 450.0                            LAT/LON1/LON2/DLON/H
   81   86   91   96  101  108  115  124  134  145  155  163  168  169  166  161
  153  146  140  137  135  133  131  128  121  112  100   88   75   64   56   52
   50   52   55   58   61   63   63   61   58   54   50   46   44   43   43   45
   48   52   56   62   67   72   78   82   86   88   88   87   85   82   78   74
   70   67   65   65   66   68   72   76   81
    65.0-180.0 180.0   5.0 450.0                            LAT/LON1/LON2/DLON/H
   78   85   92   98  104  110  118  127  138  151  163  173  180  182  179  173
  165  157  151  148  147  148  147  144  137  126  111   95   78   63   51   44
   40   39   41   44   47   48   48   47   44   41   37   35   33   33   34   36
   39   43   47   52   57   62   67   72   76   78   79   78   76   72   68   63
   59   56   54   54   56   59   65   71   78
    62.5-180.0 180.0   5.0 450.0                            LAT/LON1/LON2/DLON/H
   73   83   91   99  105  111  118  127  138  151  165  178  187  191  189  183
  174  166  161  159  160  162  163  160  153  140  124  105   85   67   52   41
   35   32   31   33   34   35   35   34   32   29   27   25   25   25   26   28
   31   34   37   41   46   51   56   61   66   69   70   70   67   63   59   54
   49   45   43   43   44   49   55   64   73
    60.0-180.0 180.0   5.0 450.0                            LAT/LON1/LON2/DLON/H
   69   81   92  101  108  114  119  127  137  149  164  179  191  197  197  192
  183  175  170  169  171  174  176  174  167  155  138  118   98   79   62   49
   39   33   30   29   29   28   28   27   25   24   22   22   21   22   23   24
   26   28   30   33   37   41   47   53   58   62   65   65   63   59   54   49
   44   39   36   35   36   41   48   58   69
    57.5-180.0 180.0   5.0 450.0                            LAT/LON1/LON2/DLON/H
   71   84   97  108  116  122  126  131  139  150  164  180  193  202  204  200
  193  185  180  179  181  184  186  184  178  167  153  136  118   99   82   67
   55   46   39   35   32   30   29   28   27   27   27   26   26   26   26   26
   26   27   28   30   33   37   43   49   55   61   64   65   64   60   56   50
   45   40   36   34   35   39   47   58   71
    55.0-180.0 180.0   5.0 450.0                            LAT/LON1/LON2/DLON/H
   80   95  110  123  132  139  142  145  149  157  169  184  198  209  213  210
  203  195  190  188  189  191  192  191  186  179  169  156  143  127  111   95
   80   67   57   50   45   41   40   39   39   40   40   40   40   38   37   35
   34   33   33   34   36   39   44   51   58   64   69   70   70   67   63   58
   53   48   43   41   41   45   53   65   80
    52.5-180.0 180.0   5.0 450.0                            LAT/LON1/LON2/DLON/H
   96  114  130  145  157  165  169  171  172  175  183  195  208  219  224  222
  216  208  201  197  197  197  197  195  193  190  186  180  171  159  144  126
  108   92   79   69   62   58   56   56   57   59   60   60   59   57   54   51
   48   46   45   44   45   47   52   58   65   72   77   80   80   78   75   71
   66   61   57   54   54   59   68   81   96
    50.0-180.0 180.0   5.0 450.0                            LAT/LON1/LON2/DLON/H
  119  137  155  172  187  199  205  207  206  205  207  215  226  235  239  237
  231  222  214  209  206  204  202  201  201  203  205  204  200  190  174  155
  134  114   99   87   79   75   74   75   77   80   82   83   82   79   75   70
   67   64   61   60   59   59   62   67   74   81   87   91   92   91   89   85
   81   76   72   70   72   78   88  102  119
    47.5-180.0 180.0   5.0 450.0                            LAT/LON1/LON2/DLON/H
  143  162  181  200  218  234  246  250  248  244  242  244  250  257  259  256
  248  239  230  224  219  215  212  211  213  219  225  228  225  214  196  173
  149  127  110   98   91   88   88   89   93   97  101  103  103  100   96   91
   86   82   79   76   74   72   73   76   82   89   96  101  103  103  101   98
   94   89   86   86   89   97  109  125  143
    45.0-180.0 180.0   5.0 450.0                            LAT/LON1/LON2/DLON/H
  164  183  201  221  243  266  284  294  294  289  283  280  282  284  283  278
  269  259  250  243  237  232  228  227  231  238  245  248  243  228  205  178
  151  128  111  101   96   94   95   97  102  107  113  117  118  117  113  108
  103   99   95   91   86   83   81   83   88   95  102  107  111  111  110  106
  102   98   95   95  100  111  126  144  164
    42.5-180.0 180.0   5.0 450.0                            LAT/LON1/LON2/DLON/H
  176  195  213  233  258  287  313  331  337  333  325  319  316  314  310  302
  292  282  273  267  261  255  251  249  252  258  263  261  250  229  200  169
  140  118  104   97   94   94   96   99  104  110  117  123  127  127  124  119
  114  109  105   99   94   89   85   86   90   97  104  110  114  115  113  109
  104   99   96   97  104  117  135  155  176
    40.0-180.0 180.0   5.0 450.0                            LAT/LON1/LON2/DLON/H
  178  197  214  234  261  295  330  356  369  370  363  356  351  346  338  328
  317  307  300  295  289  283  278  275  275  276  275  267  248  219  185  152
  125  106   96   92   92   93   95   98  102  109  116  124  129  131  130  125
  119  113  108  102   96   90   85   85   89   95  103  109  113  114  111  106
  100   93   90   91   99  113  133  156  178
    37.5-180.0 180.0   5.0 450.0                            LAT/LON1/LON2/DLON/H
  172  191  207  225  253  291  332  368  388  394  391  386  381  375  366  354
  343  334  329  324  319  312  305  298  294  290  282  265  239  206  170  138
  115  101   96   95   97   99   99  101  103  108  115  123  129  132  131  126
  119  111  105   99   93   87   83   83   86   92   99  105  108  109  106   99
   91   83   79   80   87  102  124  148  172
    35.0-180.0 180.0   5.0 450.0                            LAT/LON1/LON2/DLON/H
  161  181  196  213  239  279  325  366  393  404  407  406  404  399  390  378
  367  360  356  352  346  338  327  317  307  297  282  260  231  197  165  139
  123  116  115  116  117  117  115  113  112  114  119  125  131  133  131  125
  116  106   99   93   89   84   81   81   84   90   96  101  103  102   98   90
   81   72   67   67   74   89  110  136  161
    32.5-180.0 180.0   5.0 450.0                            LAT/LON1/LON2/DLON/H
  151  172  188  203  228  266  312  356  386  402  410  416  418  417  409  398
  389  383  380  375  367  355  341  326  312  297  280  257  231  203  180  165
  158  157  157  157  155  150  144  137  132  130  132  135  138  138  134  125
  114  103   94   89   86   84   82   82   85   90   94   97   97   95   90   82
   73   65   59   59   65   78   98  124  151
    30.0-180.0 180.0   5.0 450.0                            LAT/LON1/LON2/DLON/H
  146  170  187  202  224  259  303  344  374  392  405  416  425  427  423  414
  406  402  398  391  379  364  346  328  311  296  280  264  246  232  223  221
  223  225  223  217  208  196  184  172  163  157  154  153  152  148  141  130
  116  103   94   90   89   88   88   88   90   93   95   96   93   90   85   78
   70   63   59   60   65   76   94  119  146
    27.5-180.0 180.0   5.0 450.0                            LAT/LON1/LON2/DLON/H
  151  177  196  212  232  264  302  337  362  380  395  412  426  432  430  424
  418  414  408  398  382  364  344  325  310  299  291  285  283  285  292  302
  310  311  303  287  267  246  228  212  200  190  183  177  171  164  153  139
  124  111  101   97   97   98   97   96   97   98   98   96   93   88   83   78
   72   68   67   70   76   85  100  123  151
    25.0-180.0 180.0   5.0 450.0                            LAT/LON1/LON2/DLON/H
  164  192  215  233  253  281  312  340  358  372  388  407  425  434  434  430
  426  421  413  399  380  360  342  327  318  315  318  326  340  358  379  398
  408  402  382  352  320  290  267  248  234  223  213  204  193  182  168  153
  138  124  115  111  110  110  109  106  104  104  103  100   95   90   87   84
   81   80   83   89   96  104  116  137  164
    22.5-180.0 180.0   5.0 450.0                            LAT/LON1/LON2/DLON/H
  183  213  239  261  283  309  335  354  365  373  387  407  425  435  436  433
  430  426  416  399  379  361  348  341  341  348  363  385  411  441  470  492
  497  480  444  399  354  318  291  272  258  248  238  227  214  199  184  169
  155  142  133  128  126  123  119  114  110  108  107  104  100   96   94   94
   95   97  104  113  123  131  140  157  183
    20.0-180.0 180.0   5.0 450.0                            LAT/LON1/LON2/DLON/H
  205  235  265  291  317  343  366  379  382  385  396  415  432  440  439  437
  436  432  421  404  386  374  371  374  385  402  426  455  487  520  550  567
  561  530  477  417  363  322  295  278  268  261  254  244  230  213  197  183
  171  160  151  145  140  134  127  118  112  110  110  109  107  105  105  107
  111  116  125  138  150  159  167  181  205
    17.5-180.0 180.0   5.0 450.0                            LAT/LON1/LON2/DLON/H
  224  253  286  317  348  377  400  410  409  409  416  432  445  450  448  446
  446  444  435  419  407  405  413  429  449  473  499  526  554  581  603  609
  590  542  475  405  346  306  282  270  265  263  260  253  239  222  206  193
  183  175  166  157  149  140  130  119  112  110  112  114  114  115  117  121
  126  132  143  159  174  184  191  203  224
    15.0-180.0 180.0   5.0 450.0                            LAT/LON1/LON2/DLON/H
  237  266  300  336  372  406  431  442  442  440  446  458  467  468  463  462
  466  467  460  450  446  455  476  502  527  551  571  588  602  614  621  613
  580  520  444  369  312  277  260  254  254  258  260  256  244  227  210  198
  190  183  174  163  153  142  129  118  110  110  114  119  122  125  128  133
  138  144  155  171  189  202  209  218  237
    12.5-180.0 180.0   5.0 450.0                            LAT/LON1/LON2/DLON/H
  243  272  308  347  388  427  457  472  474  474  480  491  496  493  487  488
  495  501  500  497  502  522  552  583  608  624  630  629  623  616  606  585
  542  475  396  324  275  250  242  242  247  254  260  259  248  230  212  199
  191  184  175  164  152  140  129  118  111  111  117  124  129  133  137  141
  144  149  159  176  195  210  218  226  243
    10.0-180.0 180.0   5.0 450.0                            LAT/LON1/LON2/DLON/H
  245  273  309  351  396  439  475  495  503  507  516  526  529  524  519  522
  534  546  551  555  568  595  630  660  678  680  668  645  617  591  567  537
  490  423  349  287  251  238  240  246  253  260  267  267  256  236  214  197
  188  181  172  160  149  140  132  123  117  117  123  130  135  138  141  143
  145  147  156  172  192  209  219  228  245
     7.5-180.0 180.0   5.0 450.0                            LAT/LON1/LON2/DLON/H
  242  271  309  352  398  444  484  510  525  535  547  559  563  558  555  562
  579  596  607  617  635  664  697  719  724  709  677  635  590  551  520  488
  444  384  322  274  252  253  264  273  278  282  285  284  271  247  220  198
  185  176  167  156  148  144  141  137  132  130  133  138  141  142  141  141
  140  141  148  163  184  202  214  224  242
     5.0-180.0 180.0   5.0 450.0                            LAT/LON1/LON2/DLON/H
  239  270  309  352  398  444  486  517  538  555  572  587  594  592  592  603
  624  645  660  673  691  717  741  751  740  709  662  606  553  511  481  455
  420  373  324  291  283  295  312  321  321  319  317  311  294  265  231  203
  185  174  164  156  152  154  158  158  154  149  148  149  148  144  139  136
  133  132  139  154  174  192  206  219  239
     2.5-180.0 180.0   5.0 450.0                            LAT/LON1/LON2/DLON/H
  237  271  311  353  397  442  484  518  543  565  587  607  618  622  626  640
  663  685  701  713  727  744  756  751  726  683  628  571  520  485  465  450
  427  393  357  336  338  357  375  382  376  365  355  344  323  289  249  214
  191  177  167  161  161  169  180  184  180  172  166  161  155  147  137  129
  125  124  131  146  165  183  198  213  237
