TEC/CODG3240.12I
     1.0            IONOSPHERE MAPS     GNSS                IONEX VERSION / TYPE
ADDNEQ2 V5.3        AIUB                23-NOV-12 20:37     PGM / RUN BY / DATE 
CODE'S GLOBAL IONOSPHERE MAPS FOR DAY 324, 2012             COMMENT             
Global ionosphere maps (GIM) are generated on a daily basis DESCRIPTION         
at CODE using data from about 150 GPS sites of the IGS and  DESCRIPTION         
other institutions. The vertical total electron content     DESCRIPTION         
(VTEC) is modeled in a solar-geomagnetic reference frame    DESCRIPTION         
using a spherical harmonics expansion up to degree and      DESCRIPTION         
order 15. Piece-wise linear functions are used for          DESCRIPTION         
representation in the time domain. The time spacing of      DESCRIPTION         
their vertices is 2 hours, conforming with the epochs of    DESCRIPTION         
the VTEC maps. Instrumental biases, so-called differential  DESCRIPTION         
P1-P2 code biases (DCB), for all GPS satellites and ground  DESCRIPTION         
stations are estimated as constant values for each day,     DESCRIPTION         
simultaneously with the 13 times 256, or 3328 parameters    DESCRIPTION         
used to represent the global VTEC distribution. The DCB     DESCRIPTION         
datum is defined by a zero-mean condition imposed on the    DESCRIPTION         
satellite bias estimates. P1-C1 bias corrections are taken  DESCRIPTION         
into account if needed. To convert line-of-sight TEC into   DESCRIPTION         
vertical TEC, a modified single-layer model mapping         DESCRIPTION         
function approximating the JPL extended slab model mapping  DESCRIPTION         
function is adopted. The mapping function is evaluated at   DESCRIPTION         
geodetic satellite elevation angles. For the computation of DESCRIPTION         
the ionospheric pierce points, a spherical layer with a     DESCRIPTION         
radius of 6821 km is assumed, implying geocentric, not      DESCRIPTION         
geodetic IONEX latitudes.                                   DESCRIPTION         
Note: These GIM results correspond to the results for the   DESCRIPTION         
middle day of a 3-day combination analysis solving for 37   DESCRIPTION         
times 256, or 9472 VTEC parameters and one common set of    DESCRIPTION         
satellite and 24-hour receiver DCB constants.               DESCRIPTION         
Contact address: stefan.schaer or code @aiub.unibe.ch       DESCRIPTION         
Web page:        www.aiub.unibe.ch/content/ionosphere/      DESCRIPTION         
Data archive:    ftp.unibe.ch/aiub/CODE/                    DESCRIPTION         
                 www.aiub.unibe.ch/download/CODE/           DESCRIPTION         
  2012    11    19     0     0     0                        EPOCH OF FIRST MAP  
  2012    11    20     0     0     0                        EPOCH OF LAST MAP   
  7200                                                      INTERVAL            
    13                                                      # OF MAPS IN FILE   
  NONE                                                      MAPPING FUNCTION    
    10.0                                                    ELEVATION CUTOFF    
One-way carrier phase leveled to code                       OBSERVABLES USED    
[...]
fair faiv fale flin flrs frdn func ganp glps glsv gmsd gold COMMENT             
gope gras graz guam guat guug harb harv hers hert hnpt hob2 COMMENT             
hofn hofs holb holm hrao iddr ieng iisc ilha ineg invk iqui COMMENT             
irkj irkt isba joz2 joze karr kat1 kely kerg khar kir0 kiru COMMENT             
kit3 kokb kokv kosg kouc lama lck2 lcki lhaz lmmf lpal lpgs COMMENT             
m0se mac1 mag0 mal2 mana mas1 mat1 mate maui maw1 mbar mccj COMMENT             
mcm4 mdo1 mdvj medi mets mizu mkea mnls mobj mobk mobs monp COMMENT             
morp mqzg nano nico nist nklg nlib not1 novm nrc1 nril nrmd COMMENT             
ntus nurk nya1 ohi2 ohi3 onsa opmt pado palv park pbr2 pbri COMMENT             
pdel penc pert pfa2 pimo pol2 pots pove prds ptag ptbb qaq1 COMMENT             
quin rabt ramo rcmn recf reso reun reyk rio2 riop rosa roth COMMENT             
salu sant savo sch2 scor sele sey1 sfer shao smst sofi spt0 COMMENT             
ssia sthl stjo stk2 str2 suth sutv suwn sydn syog tabv tah1 COMMENT             
tah2 tash thti thu2 thu3 tid1 tidb tixg tixi tlse tn22 tow2 COMMENT             
tro1 tsea tskb twtf txes uclu ufpr ulab unb3 unbj unbn unbt COMMENT             
unsa untr urum urus usn3 usno usud vaco vald vesl vill vtsp COMMENT             
wab1 wab2 wes2 wgtn whit will wind wsrt wtza wtzr wtzs wtzz COMMENT             
wuhn xmis yakt yar2 yar3 yarr ycba yell yssk zamb zeck zim2 COMMENT             
zimm                                                        COMMENT             
                                                            END OF HEADER       
[from data line 3861]
    10                                                      START OF TEC MAP    
  2012    11    19    18     0     0                        EPOCH OF CURRENT MAP
    87.5-180.0 180.0   5.0 450.0                            LAT/LON1/LON2/DLON/H
  145  145  146  147  148  148  149  149  150  150  150  150  150  149  149  148
  147  146  145  144  143  141  140  138  136  135  133  131  130  128  126  125
  124  123  121  120  120  119  118  118  118  117  117  118  118  118  119  119
  120  121  122  123  124  125  126  127  128  129  130  131  133  134  135  136
  137  138  139  140  141  142  143  144  145
    85.0-180.0 180.0   5.0 450.0                            LAT/LON1/LON2/DLON/H
  138  139  141  142  144  146  147  149  150  152  153  154  154  154  154  153
  152  150  148  145  142  138  135  131  127  123  119  116  112  109  106  103
  101   99   97   96   95   94   93   93   92   92   93   93   94   95   96   98
   99  101  103  105  107  109  111  114  116  118  120  122  124  125  127  128
  129  131  132  133  134  135  136  137  138
    82.5-180.0 180.0   5.0 450.0                            LAT/LON1/LON2/DLON/H
  121  122  124  126  128  131  134  137  141  144  147  150  152  153  154  154
  152  150  146  142  137  131  125  119  113  106  100   95   89   85   81   78
   75   73   72   70   70   69   69   69   69   69   70   70   72   73   75   77
   79   82   85   88   92   95   98  102  105  107  110  112  114  116  117  118
  119  119  119  119  119  120  120  120  121
    80.0-180.0 180.0   5.0 450.0                            LAT/LON1/LON2/DLON/H
   98   99   99  101  104  108  113  118  124  130  136  142  146  150  152  153
  152  149  145  139  132  124  116  106   97   89   80   73   67   61   57   54
   52   51   50   50   50   51   51   51   52   52   53   53   55   56   58   61
   64   68   72   76   80   85   89   93   97  100  103  105  107  108  108  108
  108  107  106  105  103  101  100   99   98
    77.5-180.0 180.0   5.0 450.0                            LAT/LON1/LON2/DLON/H
   77   75   75   76   79   83   89   96  105  114  124  133  141  147  152  154
  154  152  147  141  132  122  111  100   88   77   67   58   51   45   41   38
   37   37   38   39   40   42   43   43   43   44   44   44   45   46   49   52
   55   60   64   69   75   80   84   89   93   96   99  100  101  102  102  101
   99   97   95   92   89   85   82   79   77
    75.0-180.0 180.0   5.0 450.0                            LAT/LON1/LON2/DLON/H
   61   58   56   56   58   62   69   78   89  102  115  127  139  149  156  160
  162  161  157  150  141  130  118  105   92   78   66   55   47   40   35   33
   33   33   35   38   40   42   43   43   43   43   42   42   42   43   46   49
   53   57   63   68   73   79   83   87   91   93   95   96   97   96   95   94
   92   89   86   83   79   74   70   65   61
    72.5-180.0 180.0   5.0 450.0                            LAT/LON1/LON2/DLON/H
   54   49   46   44   45   49   56   67   81   96  112  129  143  156  166  173
  176  177  174  169  161  150  138  124  110   95   81   68   57   48   43   39
   39   39   41   43   46   47   48   48   47   45   44   44   44   45   47   50
   55   59   64   69   74   78   82   85   87   89   90   90   90   89   88   86
   84   82   79   76   73   69   64   59   54
    70.0-180.0 180.0   5.0 450.0                            LAT/LON1/LON2/DLON/H
   53   48   44   41   41   45   53   65   81   99  118  137  154  170  182  191
  197  199  199  196  190  182  171  157  142  126  109   94   80   69   61   55
   52   51   52   53   53   53   53   52   50   48   47   46   47   48   50   54
   57   62   66   69   73   75   77   79   80   80   80   80   79   78   77   76
   75   74   72   71   69   67   63   59   53
    67.5-180.0 180.0   5.0 450.0                            LAT/LON1/LON2/DLON/H
   56   52   47   45   45   49   58   71   88  108  130  151  171  188  202  213
  220  225  228  228  225  220  211  198  183  166  147  129  112   98   86   77
   71   66   63   61   59   57   55   52   50   49   47   47   48   50   52   55
   58   61   64   65   66   67   67   67   66   66   66   65   65   64   64   63
   63   63   64   65   65   65   63   60   56
    65.0-180.0 180.0   5.0 450.0                            LAT/LON1/LON2/DLON/H
   58   55   52   51   52   58   68   83  101  123  146  169  190  208  223  235
  245  252  257  260  261  258  251  240  225  207  187  166  147  129  113  100
   90   81   74   67   62   57   53   49   47   46   45   46   48   50   52   55
   56   57   57   56   55   53   51   50   49   48   49   49   49   49   49   49
   50   51   53   56   59   61   62   61   58
    62.5-180.0 180.0   5.0 450.0                            LAT/LON1/LON2/DLON/H
   57   56   55   56   60   67   80   96  117  139  163  187  208  227  242  255
  266  275  283  289  292  291  285  275  260  241  220  198  177  157  139  123
  108   95   83   72   62   54   48   44   42   42   43   45   47   49   51   51
   51   49   46   43   39   36   33   31   30   31   32   34   36   37   37   38
   38   40   42   46   50   53   56   57   57
    60.0-180.0 180.0   5.0 450.0                            LAT/LON1/LON2/DLON/H
   51   52   54   58   66   77   92  110  132  155  179  202  223  242  258  271
  283  293  302  309  313  313  308  297  282  263  242  221  201  181  162  143
  126  108   92   77   64   53   45   41   39   40   42   45   48   49   49   48
   45   41   36   30   25   20   18   16   17   19   22   26   29   31   32   32
   32   32   34   37   41   45   48   50   51
    57.5-180.0 180.0   5.0 450.0                            LAT/LON1/LON2/DLON/H
   43   46   51   59   70   85  103  123  145  168  190  212  233  252  268  282
  294  305  314  321  325  323  317  305  290  272  253  234  216  199  181  162
  142  122  103   85   69   56   48   43   42   44   47   50   52   52   50   47
   41   35   29   22   17   12   10   11   13   17   22   27   31   33   34   34
   32   32   32   33   35   38   40   41   43
    55.0-180.0 180.0   5.0 450.0                            LAT/LON1/LON2/DLON/H
   37   41   48   60   76   94  115  136  157  178  199  219  238  257  273  288
  301  311  320  325  327  323  315  302  287  271  255  240  227  212  196  178
  158  137  116   96   79   66   57   53   53   54   57   59   60   58   55   50
   43   36   29   23   18   16   15   17   21   26   32   37   42   44   45   43
   41   39   37   36   36   36   36   36   37
    52.5-180.0 180.0   5.0 450.0                            LAT/LON1/LON2/DLON/H
   36   40   49   64   84  107  129  151  170  188  205  223  241  258  275  290
  303  313  320  323  322  317  307  294  280  266  254  244  234  223  209  191
  171  150  129  110   93   81   73   69   69   70   71   72   70   68   63   58
   51   45   39   34   31   30   31   34   38   44   49   54   58   60   60   59
   56   53   50   47   45   42   39   37   36
    50.0-180.0 180.0   5.0 450.0                            LAT/LON1/LON2/DLON/H
   43   46   57   74   97  123  147  168  185  199  213  227  243  259  276  291
  304  313  318  320  317  310  300  288  275  264  256  249  242  233  219  200
  179  158  138  121  108   97   91   88   87   87   86   84   81   78   74   69
   65   60   57   54   52   52   54   57   61   66   70   73   75   77   77   75
   73   71   68   64   61   56   50   45   43
    47.5-180.0 180.0   5.0 450.0                            LAT/LON1/LON2/DLON/H
   55   58   69   89  115  142  167  188  203  214  223  234  247  263  278  293
  306  314  317  317  313  307  299  289  279  271  264  259  252  240  223  202
  179  158  141  128  117  110  106  103  102  100   97   93   90   87   85   83
   81   79   78   77   76   77   78   80   83   85   86   88   88   89   89   89
   88   87   85   83   79   73   66   59   55
    45.0-180.0 180.0   5.0 450.0                            LAT/LON1/LON2/DLON/H
   70   73   85  106  134  163  189  209  222  231  238  246  257  270  284  298
  309  316  319  318  316  312  307  300  293  286  279  272  261  245  222  195
  170  150  136  126  120  116  114  113  111  108  103   98   94   93   93   95
   96   97   97   97   96   96   96   96   96   96   95   94   94   94   95   96
   98   99   99   98   96   90   83   75   70
    42.5-180.0 180.0   5.0 450.0                            LAT/LON1/LON2/DLON/H
   82   85   98  121  150  180  208  229  243  251  257  264  272  282  294  306
  316  323  325  325  324  323  322  320  314  306  297  285  269  245  215  183
  156  136  125  119  116  115  115  115  114  110  104   98   95   96  100  104
  107  109  109  109  107  104  102  100   98   96   94   92   91   92   94   97
  100  103  105  107  106  101   94   86   82
    40.0-180.0 180.0   5.0 450.0                            LAT/LON1/LON2/DLON/H
   85   90  104  128  159  191  221  244  261  272  279  285  292  299  308  318
  327  333  336  336  337  339  342  342  336  326  313  295  272  241  205  170
  142  125  117  114  113  112  113  115  115  112  106  100   97  100  104  109
  112  113  112  110  106  101   97   93   90   88   86   85   85   87   90   94
   98  101  104  107  107  103   96   88   85
    37.5-180.0 180.0   5.0 450.0                            LAT/LON1/LON2/DLON/H
   78   84  101  127  159  193  226  253  275  291  301  309  314  319  324  332
  340  347  350  351  353  357  361  361  353  339  321  299  272  238  200  164
  140  127  123  121  119  116  116  119  120  119  113  107  105  107  111  113
  113  110  107  102   97   90   84   80   78   77   77   77   79   83   87   91
   94   96   98   99   99   94   87   80   78
    35.0-180.0 180.0   5.0 450.0                            LAT/LON1/LON2/DLON/H
   61   69   88  116  149  186  222  255  284  306  322  332  337  339  341  346
  354  362  367  368  369  371  373  371  360  342  320  297  271  240  207  178
  161  155  154  151  144  135  132  134  138  138  133  127  123  122  121  118
  111  104   97   91   85   78   73   69   69   71   73   76   80   85   90   93
   93   91   90   88   85   79   70   62   61
    32.5-180.0 180.0   5.0 450.0                            LAT/LON1/LON2/DLON/H
   38   48   69   99  134  172  212  252  287  316  337  350  356  356  356  359
  368  378  383  383  381  379  377  370  355  334  313  295  277  256  234  218
  214  217  219  211  194  176  166  166  171  173  169  161  154  147  139  127
  113  100   90   85   80   75   71   70   72   76   81   86   93   99  102  102
   98   91   84   78   71   61   49   40   38
    30.0-180.0 180.0   5.0 450.0                            LAT/LON1/LON2/DLON/H
   17   28   51   81  117  157  200  245  287  322  348  364  370  368  366  369
  379  391  397  395  388  380  372  360  342  323  308  300  297  292  288  290
  301  314  317  302  271  239  220  215  220  223  218  208  196  182  164  143
  120  103   93   89   87   86   85   87   91   97  103  109  116  122  123  119
  110   97   84   73   61   47   31   19   17
    27.5-180.0 180.0   5.0 450.0                            LAT/LON1/LON2/DLON/H
    4   15   39   70  106  146  191  240  286  325  355  372  378  376  373  376
  387  400  406  401  388  375  362  347  330  316  312  320  336  352  368  389
  415  437  440  414  367  318  286  276  278  281  275  261  243  221  194  164
  136  116  108  108  112  115  118  121  126  132  137  142  147  151  150  141
  126  108   90   74   58   40   21    7    4
    25.0-180.0 180.0   5.0 450.0                            LAT/LON1/LON2/DLON/H
    3   15   39   70  105  144  190  240  288  329  359  377  384  382  378  380
  391  404  409  401  384  367  352  339  328  324  335  361  396  431  465  503
  543  571  570  532  467  401  356  338  336  336  327  310  286  257  225  190
  160  141  136  141  150  158  164  169  173  176  177  178  180  180  176  163
  144  121  100   81   63   43   22    7    3
    22.5-180.0 180.0   5.0 450.0                            LAT/LON1/LON2/DLON/H
   17   29   53   84  116  154  199  249  297  337  366  383  390  388  384  385
  395  406  408  397  378  360  349  343  343  354  381  424  474  522  567  616
  664  695  688  637  556  474  415  388  381  377  366  344  316  285  250  216
  188  173  173  184  197  208  216  221  223  220  215  210  207  203  195  179
  157  133  111   91   73   54   34   19   17
    20.0-180.0 180.0   5.0 450.0                            LAT/LON1/LON2/DLON/H
   42   56   81  110  141  176  219  268  315  352  378  393  401  400  396  395
  401  408  406  392  373  360  358  365  380  406  449  504  560  611  659  710
  759  787  774  711  617  522  454  419  405  397  381  357  328  297  267  238
  217  209  214  227  241  253  262  266  265  257  244  232  223  215  203  185
  162  139  118  100   84   68   52   41   42
    17.5-180.0 180.0   5.0 450.0                            LAT/LON1/LON2/DLON/H
   73   91  118  147  176  208  250  298  343  377  399  413  421  423  419  415
  414  413  406  390  375  370  382  405  437  478  531  589  643  686  726  770
  813  836  815  744  642  540  466  424  405  391  372  347  320  295  273  255
  244  243  251  263  275  285  293  297  293  279  260  241  227  214  200  181
  159  138  120  106   93   82   72   68   73
    15.0-180.0 180.0   5.0 450.0                            LAT/LON1/LON2/DLON/H
  105  129  159  188  216  248  289  337  380  412  432  445  454  458  454  446
  437  427  413  397  387  394  422  462  508  560  615  668  709  736  760  791
  824  838  810  735  631  529  453  408  384  365  344  320  298  282  272  267
  268  272  279  286  293  299  306  309  303  286  262  239  220  205  188  169
  150  132  118  106   97   91   89   92  105
    12.5-180.0 180.0   5.0 450.0                            LAT/LON1/LON2/DLON/H
  132  162  196  229  258  290  332  381  425  456  475  488  499  506  502  489
  472  452  432  415  412  432  474  528  584  638  689  729  750  756  760  775
  797  802  769  694  594  499  426  380  352  331  309  287  271  265  269  278
  288  295  298  297  295  296  301  305  300  282  256  230  210  193  175  156
  140  126  113  102   95   93   98  110  132
    10.0-180.0 180.0   5.0 450.0                            LAT/LON1/LON2/DLON/H
  149  186  227  263  295  330  374  426  473  506  525  540  554  563  559  542
  517  490  464  448  452  482  534  595  653  703  742  764  765  750  736  737
  748  745  710  638  548  463  397  353  324  300  279  261  252  256  271  291
  307  314  310  298  286  282  286  293  289  273  248  223  203  185  167  149
  135  123  112   99   90   89   99  119  149
     7.5-180.0 180.0   5.0 450.0                            LAT/LON1/LON2/DLON/H
  155  200  246  289  325  364  412  468  520  556  578  595  612  623  619  600
  569  536  508  494  503  539  595  656  708  746  770  774  757  726  701  694
  697  689  653  587  509  436  380  340  311  287  268  254  251  262  285  311
  330  333  320  297  276  267  271  280  281  268  246  225  207  190  171  154
  141  131  118  101   86   82   93  118  155
     5.0-180.0 180.0   5.0 450.0                            LAT/LON1/LON2/DLON/H
  152  202  255  303  346  389  442  503  560  601  627  646  665  678  675  654
  621  587  560  549  562  599  653  705  744  767  774  764  736  699  672  662
  663  652  616  556  490  430  383  347  320  299  282  272  273  289  315  342
  358  355  333  301  273  261  265  276  280  272  255  239  224  209  190  173
  160  150  134  110   87   77   85  111  152
     2.5-180.0 180.0   5.0 450.0                            LAT/LON1/LON2/DLON/H
  143  196  253  307  355  404  461  526  588  634  665  688  708  721  718  698
  667  637  614  607  622  656  701  739  761  768  762  743  714  681  660  655
  656  644  608  554  496  447  408  377  353  334  321  315  318  334  358  381
  391  380  351  314  283  269  273  285  291  287  276  265  255  241  223  206
  193  181  161  130   97   76   78  102  143
