TEC/CODG3410.11I
     1.0            IONOSPHERE MAPS     GNSS                IONEX VERSION / TYPE
ADDNEQ2 V5.1        AIUB                12-DEC-11 17:32     PGM / RUN BY / DATE 
CODE'S GLOBAL IONOSPHERE MAPS FOR DAY 341, 2011             COMMENT             
Global ionosphere maps (GIM) are generated on a daily basis DESCRIPTION         
at CODE using data from about 150 GPS sites of the IGS and  DESCRIPTION         
other institutions. The vertical total electron content     DESCRIPTION         
(VTEC) is modeled in a solar-geomagnetic reference frame    DESCRIPTION         
using a spherical harmonics expansion up to degree and      DESCRIPTION         
order 15. Piece-wise linear functions are used for          DESCRIPTION         
representation in the time domain. The time spacing of      DESCRIPTION         
their vertices is 2 hours, conforming with the epochs of    DESCRIPTION         
the VTEC maps. Instrumental biases, so-called differential  DESCRIPTION         
P1-P2 code biases (DCB), for all GPS satellites and ground  DESCRIPTION         
stations are estimated as constant values for each day,     DESCRIPTION         
simultaneously with the 13 times 256, or 3328 parameters    DESCRIPTION         
used to represent the global VTEC distribution. The DCB     DESCRIPTION         
datum is defined by a zero-mean condition imposed on the    DESCRIPTION         
satellite bias estimates. P1-C1 bias corrections are taken  DESCRIPTION         
into account if needed. To convert line-of-sight TEC into   DESCRIPTION         
vertical TEC, a modified single-layer model mapping         DESCRIPTION         
function approximating the JPL extended slab model mapping  DESCRIPTION         
function is adopted. The mapping function is evaluated at   DESCRIPTION         
geodetic satellite elevation angles. For the computation of DESCRIPTION         
the ionospheric pierce points, a spherical layer with a     DESCRIPTION         
radius of 6821 km is assumed, implying geocentric, not      DESCRIPTION         
geodetic IONEX latitudes.                                   DESCRIPTION         
Note: These GIM results correspond to the results for the   DESCRIPTION         
middle day of a 3-day combination analysis solving for 37   DESCRIPTION         
times 256, or 9472 VTEC parameters and one common set of    DESCRIPTION         
satellite and 24-hour receiver DCB constants.               DESCRIPTION         
Contact address: stefan.schaer or code @aiub.unibe.ch       DESCRIPTION         
Web site:        http://www.aiub.unibe.ch/ionosphere/       DESCRIPTION         
Data archive:    ftp://ftp.unibe.ch/aiub/CODE/              DESCRIPTION         
                 http://www.aiub.unibe.ch/download/CODE/    DESCRIPTION         
  2011    12     7     0     0     0                        EPOCH OF FIRST MAP  
  2011    12     8     0     0     0                        EPOCH OF LAST MAP   
  7200                                                      INTERVAL            
    13                                                      # OF MAPS IN FILE   
  NONE                                                      MAPPING FUNCTION    
    10.0                                                    ELEVATION CUTOFF    
One-way carrier phase leveled to code                       OBSERVABLES USED    
[...]
chti chur cnmr coco conz cpxf crar cro1 ctwn daej darw dav1 COMMENT             
dgar dgav dhlg drao dubo ebre eprt etad etdd fair faiv fale COMMENT             
flin flrs frdn func ganp glsv gode gold gope gras graz guam COMMENT             
guat guug harb hers hert hnpt hob2 hofn holb holm hrao iddr COMMENT             
ieng iisc ineg invk iqal irkj irkt isba ispa joz2 joze jplv COMMENT             
karr kely kerg khaj khar kir0 kiru kokb kokv kouc kour lama COMMENT             
lck2 lcki lhaz lmmf lpal lpgs m0se mac1 madr mag0 mal2 mana COMMENT             
mas1 mat1 mate maui maw1 mccj mcil mdo1 mdvj medi mets metz COMMENT             
mizu mkea mnls mobj mobk mobs monp morp mqzg mtka nano nico COMMENT             
nist nklg nlib not1 novm nrc1 nril nrmd ntus nurk nya1 ohi2 COMMENT             
ohi3 onsa opmt pado palv park pbr2 pbri pdel penc pert pfa2 COMMENT             
pie1 pimo pol2 pots pove prds ptag ptbb qaq1 quin rabt ramo COMMENT             
rbay reso reun reyk rio2 riop rosa roth salu sch2 scor sele COMMENT             
sfer shao smst sofi spt0 sthl stjo suth sutv suwn sydn syog COMMENT             
tabv tah1 tah2 thti thu2 thu3 tid1 tidb tixg tixi tlse tn22 COMMENT             
tow2 tro1 tsea tskb twtf txes uclu ulab unb3 unbj unbn unbt COMMENT             
unsa urum urus usn3 usno usud vaco vald vesl vill vtsp wab2 COMMENT             
wes2 wgtn whit will wind wsrt wtza wtzr wtzs wtzz wuhn xmis COMMENT             
yakt yar2 yar3 yarr ycba yell yssk zeck zim2 zwe2           COMMENT             
                                                            END OF HEADER       
[from data line 2574]
     7                                                      START OF TEC MAP    
  2011    12     7    12     0     0                        EPOCH OF CURRENT MAP
    87.5-180.0 180.0   5.0 450.0                            LAT/LON1/LON2/DLON/H
   38   39   40   42   43   44   46   47   48   48   49   50   50   51   51   51
   51   51   51   50   50   49   48   48   47   46   45   44   43   42   41   40
   39   38   37   36   35   33   32   31   30   29   28   27   26   25   24   23
   22   22   21   21   21   20   20   20   21   21   21   22   23   23   24   25
   26   28   29   30   32   33   35   36   38
    85.0-180.0 180.0   5.0 450.0                            LAT/LON1/LON2/DLON/H
   38   41   43   46   48   51   53   55   57   58   60   61   61   62   62   62
   61   61   60   59   58   57   55   54   53   51   50   49   47   46   44   43
   42   40   39   37   36   34   32   30   29   27   25   23   21   19   18   16
   14   13   12   11   10    9    9    9    9    9    9   10   11   13   14   16
   18   20   22   24   27   29   32   35   38
    82.5-180.0 180.0   5.0 450.0                            LAT/LON1/LON2/DLON/H
   36   40   43   47   50   53   56   59   61   63   65   66   67   67   67   67
   66   65   63   62   60   58   56   55   53   51   50   49   48   47   46   46
   45   44   43   42   41   40   38   36   34   32   30   27   25   22   20   17
   15   13   11    9    7    6    5    5    4    4    5    5    6    7    9   11
   13   15   17   20   23   26   29   32   36
    80.0-180.0 180.0   5.0 450.0                            LAT/LON1/LON2/DLON/H
   33   36   40   44   48   51   55   58   61   63   65   66   66   67   66   66
   64   63   61   59   57   55   53   51   49   48   48   47   47   48   49   50
   50   51   52   52   52   52   51   50   48   46   43   41   38   35   32   29
   26   23   20   17   15   13   12   10   10    9    9    9   10   10   11   12
   14   15   17   19   21   24   26   30   33
    77.5-180.0 180.0   5.0 450.0                            LAT/LON1/LON2/DLON/H
   30   33   36   39   43   47   50   53   56   58   60   61   62   62   62   61
   60   59   57   55   53   51   49   47   46   45   45   46   48   50   53   57
   60   63   65   67   69   69   69   69   68   66   64   61   58   55   52   48
   44   40   37   34   31   28   26   24   23   22   21   21   20   20   20   20
   21   21   22   22   23   24   26   28   30
    75.0-180.0 180.0   5.0 450.0                            LAT/LON1/LON2/DLON/H
   29   30   32   35   38   41   44   47   50   52   54   55   56   56   56   56
   56   55   54   53   51   49   47   45   44   44   45   48   51   56   62   67
   73   78   82   86   89   90   91   91   91   90   88   86   83   79   75   71
   66   62   57   53   49   46   43   41   39   37   36   36   35   34   33   33
   32   31   30   29   29   28   28   28   29
    72.5-180.0 180.0   5.0 450.0                            LAT/LON1/LON2/DLON/H
   31   30   31   32   34   37   40   42   45   47   49   50   51   51   52   53
   54   55   55   55   54   52   50   48   47   47   49   53   59   66   74   82
   90   97  102  107  110  112  113  114  114  113  111  109  106  102   98   93
   87   82   76   71   66   61   58   55   52   50   49   48   47   47   46   45
   43   42   40   39   37   35   33   32   31
    70.0-180.0 180.0   5.0 450.0                            LAT/LON1/LON2/DLON/H
   35   33   32   31   32   34   37   40   42   44   46   47   47   49   50   52
   55   58   60   61   61   60   58   56   54   54   57   62   69   79   89  100
  109  117  123  127  130  132  132  133  133  132  131  129  126  121  116  110
  103   96   89   82   75   70   65   61   58   56   54   53   53   53   52   52
   51   50   48   47   45   43   40   38   35
    67.5-180.0 180.0   5.0 450.0                            LAT/LON1/LON2/DLON/H
   41   37   35   33   33   34   37   40   42   44   45   46   47   48   50   53
   58   62   66   69   70   69   67   65   63   63   66   73   82   94  107  119
  130  138  143  146  147  148  147  147  147  147  146  143  140  134  128  120
  111  103   94   85   77   69   63   57   53   51   50   49   50   50   51   51
   52   52   52   52   51   50   48   45   41
    65.0-180.0 180.0   5.0 450.0                            LAT/LON1/LON2/DLON/H
   47   43   38   35   34   35   37   40   43   46   47   47   47   48   51   54
   60   66   71   75   77   77   75   72   71   72   76   84   96  111  126  140
  151  158  162  163  162  160  159  158  158  157  156  154  149  143  135  125
  115  104   93   82   72   62   54   47   42   39   38   38   39   40   42   44
   46   48   50   52   54   55   54   51   47
    62.5-180.0 180.0   5.0 450.0                            LAT/LON1/LON2/DLON/H
   53   48   42   37   35   35   37   41   45   47   48   48   48   48   50   54
   60   66   72   76   79   79   78   77   76   78   85   95  110  127  144  159
  170  177  178  177  174  170  168  166  166  166  165  163  158  150  141  129
  117  104   91   79   66   55   44   35   29   25   23   24   25   28   30   33
   36   40   44   49   54   57   58   57   53
    60.0-180.0 180.0   5.0 450.0                            LAT/LON1/LON2/DLON/H
   58   52   45   39   35   34   36   40   45   48   49   49   48   48   49   52
   56   62   67   71   74   76   76   76   78   83   92  106  123  143  162  178
  188  193  193  189  184  179  176  175  175  176  176  174  169  160  150  137
  123  108   94   79   65   51   39   28   20   16   14   14   16   18   21   24
   27   32   38   44   51   57   61   61   58
    57.5-180.0 180.0   5.0 450.0                            LAT/LON1/LON2/DLON/H
   63   56   48   40   34   32   34   39   44   47   49   49   47   46   46   48
   51   55   58   61   64   67   70   73   79   87  100  116  136  158  178  194
  204  208  206  201  194  189  186  185  186  189  190  189  184  176  164  150
  135  119  104   88   72   57   43   31   22   16   14   14   16   18   20   22
   25   29   35   42   50   58   63   65   63
    55.0-180.0 180.0   5.0 450.0                            LAT/LON1/LON2/DLON/H
   67   61   52   42   34   31   32   36   42   46   48   47   46   44   44   44
   45   46   48   49   52   56   62   70   80   93  109  128  149  172  192  208
  217  220  217  211  204  200  197  198  200  204  207  208  204  196  184  169
  153  137  120  104   88   71   56   43   33   28   25   26   27   29   30   31
   32   34   38   44   52   60   66   69   67
    52.5-180.0 180.0   5.0 450.0                            LAT/LON1/LON2/DLON/H
   73   67   57   46   37   32   32   36   41   45   46   46   45   43   43   42
   42   40   39   39   41   48   57   70   85  101  120  140  162  184  204  218
  226  228  224  219  214  211  210  212  216  221  226  229  227  219  207  192
  175  157  140  124  107   90   75   61   52   46   44   45   46   48   48   48
   47   47   49   53   59   65   71   75   73
    50.0-180.0 180.0   5.0 450.0                            LAT/LON1/LON2/DLON/H
   80   75   65   54   44   37   36   38   42   45   47   46   45   44   43   43
   41   38   35   34   37   45   58   75   94  113  133  153  174  195  212  224
  230  231  229  226  223  222  223  226  231  237  244  248  247  240  228  211
  193  175  157  141  124  107   92   79   70   65   64   66   68   69   70   69
   68   66   66   66   69   73   78   81   80
    47.5-180.0 180.0   5.0 450.0                            LAT/LON1/LON2/DLON/H
   87   83   75   64   54   46   43   44   47   49   49   48   46   46   46   46
   45   41   38   36   39   49   66   86  108  129  148  166  184  201  216  225
  230  231  231  231  232  233  236  239  244  250  257  261  261  254  241  224
  204  185  167  150  133  116  101   89   81   78   78   80   83   85   87   87
   86   85   83   81   81   82   84   86   87
    45.0-180.0 180.0   5.0 450.0                            LAT/LON1/LON2/DLON/H
   91   90   85   75   65   57   53   53   54   55   54   52   50   49   50   51
   51   48   45   44   49   61   80  103  125  145  162  177  192  205  215  222
  226  228  231  235  241  246  249  252  255  260  265  268  266  259  245  226
  205  185  166  149  132  115  100   89   82   80   81   84   87   91   94   97
   98   98   96   93   90   88   88   90   91
    42.5-180.0 180.0   5.0 450.0                            LAT/LON1/LON2/DLON/H
   92   94   92   85   76   69   64   63   63   63   61   58   55   54   55   57
   58   57   56   57   63   77   98  121  144  162  175  186  196  205  213  218
  221  225  232  243  254  262  267  268  268  269  270  269  265  255  240  221
  200  179  160  143  125  108   93   81   75   73   75   78   82   86   91   96
  100  102  102   99   94   90   87   89   92
    40.0-180.0 180.0   5.0 450.0                            LAT/LON1/LON2/DLON/H
   87   92   94   91   84   77   73   71   71   70   69   65   62   60   61   62
   65   66   67   71   80   96  117  141  161  176  185  192  198  204  210  214
  218  226  239  256  274  286  291  290  287  282  277  270  262  250  234  216
  196  177  158  141  123  104   87   75   68   66   67   69   73   77   82   88
   94   99  100   98   92   86   82   83   87
    37.5-180.0 180.0   5.0 450.0                            LAT/LON1/LON2/DLON/H
   78   86   91   91   86   81   77   75   75   76   75   73   70   67   66   67
   70   72   76   83   95  114  136  158  176  187  193  196  199  204  210  215
  222  234  254  280  304  321  327  323  315  304  291  278  265  251  237  222
  206  190  173  156  137  117   98   83   74   71   70   71   72   74   78   82
   88   92   94   92   86   78   72   72   78
    35.0-180.0 180.0   5.0 450.0                            LAT/LON1/LON2/DLON/H
   68   77   84   86   83   79   75   74   75   77   79   79   77   74   72   72
   73   76   82   93  109  129  152  174  189  197  200  200  203  208  215  223
  233  252  281  316  348  368  375  369  357  339  320  300  283  269  259  250
  240  229  215  199  179  157  135  117  106  100   97   94   92   91   90   90
   90   90   91   88   81   71   63   62   68
    32.5-180.0 180.0   5.0 450.0                            LAT/LON1/LON2/DLON/H
   59   68   76   79   76   72   69   69   71   75   80   84   84   82   79   76
   76   78   86  100  119  143  167  187  201  207  207  208  211  218  228  239
  255  281  319  363  402  427  434  427  411  390  365  340  321  310  307  307
  305  300  290  275  255  230  205  184  170  161  155  149  143  136  128  119
  110  103   97   91   82   69   58   54   59
    30.0-180.0 180.0   5.0 450.0                            LAT/LON1/LON2/DLON/H
   57   64   70   72   70   65   62   61   63   70   78   86   90   89   85   81
   78   80   88  105  128  155  180  200  212  217  218  219  225  235  249  265
  287  320  366  419  464  491  499  492  475  452  426  400  382  376  382  392
  400  400  393  380  359  333  305  281  264  253  244  235  224  211  195  175
  154  135  120  108   95   78   63   56   57
    27.5-180.0 180.0   5.0 450.0                            LAT/LON1/LON2/DLON/H
   65   68   71   70   67   61   57   54   56   63   74   85   92   93   90   85
   81   82   91  111  138  168  194  213  225  230  231  235  243  258  276  297
  324  364  418  476  526  554  562  556  541  521  496  473  460  463  479  499
  513  518  513  500  479  451  421  395  376  364  353  341  327  309  285  253
  218  186  161  141  122  101   81   68   65
    25.0-180.0 180.0   5.0 450.0                            LAT/LON1/LON2/DLON/H
   83   81   79   76   70   63   57   52   51   56   68   81   91   94   93   88
   84   85   96  119  149  181  209  227  238  244  248  254  266  285  307  333
  364  409  467  529  579  608  615  611  601  587  569  553  548  560  585  612
  630  636  630  616  594  566  535  507  487  474  462  450  434  413  383  342
  295  250  214  186  162  136  110   92   83
    22.5-180.0 180.0   5.0 450.0                            LAT/LON1/LON2/DLON/H
  110  102   96   89   81   73   65   56   51   53   63   76   86   91   91   89
   87   90  103  129  163  197  224  242  252  259  265  275  291  314  340  369
  403  449  507  569  618  645  651  649  646  642  636  630  634  653  684  714
  731  733  724  708  685  655  624  595  575  561  551  539  524  502  469  424
  369  316  272  238  209  179  149  125  110
    20.0-180.0 180.0   5.0 450.0                            LAT/LON1/LON2/DLON/H
  141  128  118  108   99   90   80   68   58   54   59   69   78   84   85   86
   88   95  113  142  180  215  240  256  265  273  283  297  317  343  372  402
  436  480  536  593  638  661  667  669  674  682  688  694  706  731  762  789
  800  795  780  760  735  705  672  643  621  608  599  589  576  556  525  481
  426  370  323  287  255  223  190  161  141
    17.5-180.0 180.0   5.0 450.0                            LAT/LON1/LON2/DLON/H
  171  154  141  130  121  113  101   86   71   61   60   65   70   74   77   81
   88  101  124  158  197  232  256  269  277  287  300  318  342  371  402  432
  463  502  551  601  639  658  664  670  684  704  723  739  757  782  809  827
  829  815  792  768  741  709  675  643  620  606  598  591  580  565  540  502
  453  402  358  323  292  260  226  195  171
    15.0-180.0 180.0   5.0 450.0                            LAT/LON1/LON2/DLON/H
  194  175  160  150  142  136  125  108   88   73   66   65   65   65   68   75
   88  107  136  174  216  250  271  280  288  300  317  340  367  398  429  457
  484  515  554  595  626  642  649  660  683  712  741  764  784  804  821  828
  818  795  767  739  710  677  639  603  576  560  552  547  539  529  512  485
  448  407  370  341  314  284  252  220  194
    12.5-180.0 180.0   5.0 450.0                            LAT/LON1/LON2/DLON/H
  207  187  173  164  159  155  146  128  106   88   76   70   65   62   63   72
   89  115  149  191  234  267  285  292  300  314  336  362  392  424  454  480
  501  523  550  581  606  621  631  648  677  712  746  772  789  800  805  799
  780  752  720  690  660  624  582  541  507  488  478  473  468  461  452  438
  415  388  362  339  318  293  264  233  207
    10.0-180.0 180.0   5.0 450.0                            LAT/LON1/LON2/DLON/H
  209  190  177  170  169  168  161  145  123  104   91   82   73   66   65   74
   94  124  163  208  252  284  300  306  314  331  357  387  418  450  479  501
  516  529  545  566  587  605  621  643  675  712  746  768  778  778  770  755
  731  702  672  643  613  575  529  480  439  413  400  394  389  384  382  379
  370  356  339  324  308  288  263  235  209
     7.5-180.0 180.0   5.0 450.0                            LAT/LON1/LON2/DLON/H
  204  184  172  168  170  173  169  154  135  118  106   98   88   78   75   83
  104  137  179  225  269  300  315  322  333  353  382  414  446  476  503  522
  531  536  543  558  578  600  623  651  683  717  745  760  760  749  731  711
  689  666  642  617  588  550  501  445  395  362  344  335  328  323  324  329
  331  326  315  303  291  276  254  228  204
     5.0-180.0 180.0   5.0 450.0                            LAT/LON1/LON2/DLON/H
  194  174  163  160  164  169  167  156  140  127  121  117  109   98   92   98
  118  152  195  242  286  317  333  343  356  379  410  443  473  501  525  541
  547  546  548  560  582  611  643  674  703  729  747  752  743  722  700  681
  667  655  641  622  598  562  511  450  393  352  329  316  306  299  300  308
  314  312  302  289  277  264  245  220  194
     2.5-180.0 180.0   5.0 450.0                            LAT/LON1/LON2/DLON/H
  188  165  152  149  154  159  158  149  138  131  131  134  131  121  113  116
  135  167  210  258  301  334  353  366  383  408  440  471  499  523  544  559
  563  562  562  573  600  637  676  709  733  748  754  748  730  705  683  672
  671  673  669  659  640  609  561  500  437  390  361  345  332  322  320  325
  330  324  308  289  274  260  241  216  188
