TEC/CODG3260.12I
     1.0            IONOSPHERE MAPS     GNSS                IONEX VERSION / TYPE
ADDNEQ2 V5.3        AIUB                25-NOV-12 21:22     PGM / RUN BY / DATE 
CODE'S GLOBAL IONOSPHERE MAPS FOR DAY 326, 2012             COMMENT             
Global ionosphere maps (GIM) are generated on a daily basis DESCRIPTION         
at CODE using data from about 150 GPS sites of the IGS and  DESCRIPTION         
other institutions. The vertical total electron content     DESCRIPTION         
(VTEC) is modeled in a solar-geomagnetic reference frame    DESCRIPTION         
using a spherical harmonics expansion up to degree and      DESCRIPTION         
order 15. Piece-wise linear functions are used for          DESCRIPTION         
representation in the time domain. The time spacing of      DESCRIPTION         
their vertices is 2 hours, conforming with the epochs of    DESCRIPTION         
the VTEC maps. Instrumental biases, so-called differential  DESCRIPTION         
P1-P2 code biases (DCB), for all GPS satellites and ground  DESCRIPTION         
stations are estimated as constant values for each day,     DESCRIPTION         
simultaneously with the 13 times 256, or 3328 parameters    DESCRIPTION         
used to represent the global VTEC distribution. The DCB     DESCRIPTION         
datum is defined by a zero-mean condition imposed on the    DESCRIPTION         
satellite bias estimates. P1-C1 bias corrections are taken  DESCRIPTION         
into account if needed. To convert line-of-sight TEC into   DESCRIPTION         
vertical TEC, a modified single-layer model mapping         DESCRIPTION         
function approximating the JPL extended slab model mapping  DESCRIPTION         
function is adopted. The mapping function is evaluated at   DESCRIPTION         
geodetic satellite elevation angles. For the computation of DESCRIPTION         
the ionospheric pierce points, a spherical layer with a     DESCRIPTION         
radius of 6821 km is assumed, implying geocentric, not      DESCRIPTION         
geodetic IONEX latitudes.                                   DESCRIPTION         
Note: These GIM results correspond to the results for the   DESCRIPTION         
middle day of a 3-day combination analysis solving for 37   DESCRIPTION         
times 256, or 9472 VTEC parameters and one common set of    DESCRIPTION         
satellite and 24-hour receiver DCB constants.               DESCRIPTION         
Contact address: stefan.schaer or code @aiub.unibe.ch       DESCRIPTION         
Web page:        www.aiub.unibe.ch/content/ionosphere/      DESCRIPTION         
Data archive:    ftp.unibe.ch/aiub/CODE/                    DESCRIPTION         
                 www.aiub.unibe.ch/download/CODE/           DESCRIPTION         
  2012    11    21     0     0     0                        EPOCH OF FIRST MAP  
  2012    11    22     0     0     0                        EPOCH OF LAST MAP   
  7200                                                      INTERVAL            
    13                                                      # OF MAPS IN FILE   
  NONE                                                      MAPPING FUNCTION    
    10.0                                                    ELEVATION CUTOFF    
One-way carrier phase leveled to code                       OBSERVABLES USED    
[...]
etad etdd fair faiv fale flin flrs frdn func ganp glps glsv COMMENT             
gmsd gold gope gras graz guam guat guug harb harv hers hert COMMENT             
hnpt hob2 hofn hofs holb holm hrao hyde iddr ieng iisc ilha COMMENT             
impz ineg invk iqui irkj irkt isba joz2 joze karr kat1 kely COMMENT             
kerg khar kir0 kiru kit3 kokb kokv kouc lama lck2 lcki lhaz COMMENT             
lmmf lpal lpgs m0se mac1 mag0 mal2 mana mas1 mat1 mate maui COMMENT             
maw1 mbar mccj mcm4 mdo1 mdvj medi mets mizu mkea mnls mobj COMMENT             
mobk mobs monp morp mqzg nano nico nist nklg nlib not1 novm COMMENT             
nrc1 nril nrmd ntus nurk nya1 ohi2 ohi3 onsa opmt pado palv COMMENT             
park pbr2 pbri pdel penc pert pfa2 pimo pol2 pots pove prds COMMENT             
ptag ptbb qaq1 quin rabt ramo rcmn recf reso reun reyk rio2 COMMENT             
riop rosa roth salu sant savo sch2 scor sele sey1 sfer shao COMMENT             
smst sofi spt0 ssia sthl stjo stk2 str2 suth sutv suwn sydn COMMENT             
syog tabv tah2 tash thti thu2 thu3 tid1 tidb tixg tixi tlse COMMENT             
tn22 tow2 tro1 tsea tskb twtf txes uclu ufpr ulab unb3 unbj COMMENT             
unbn unbt unsa untr urum urus usn3 usno usud vaco vald vesl COMMENT             
vill vtsp wab1 wab2 wes2 wgtn whit will wind wsrt wtza wtzr COMMENT             
wtzs wtzz wuhn xmis yakt yar2 yar3 yarr ycba yell yssk zamb COMMENT             
zeck zim2 zimm                                              COMMENT             
                                                            END OF HEADER       
[from data line 5148]
    13                                                      START OF TEC MAP    
  2012    11    22     0     0     0                        EPOCH OF CURRENT MAP
    87.5-180.0 180.0   5.0 450.0                            LAT/LON1/LON2/DLON/H
   82   82   82   82   82   81   81   81   81   81   81   80   80   80   80   80
   79   79   79   79   78   78   78   78   78   77   77   77   77   77   77   77
   77   77   77   77   77   77   78   78   78   78   79   79   79   80   80   80
   80   81   81   81   81   81   82   82   82   82   82   82   82   82   82   83
   83   83   83   82   82   82   82   82   82
    85.0-180.0 180.0   5.0 450.0                            LAT/LON1/LON2/DLON/H
   80   80   80   80   79   79   79   78   78   78   78   77   77   77   76   76
   76   75   75   74   73   73   72   72   71   71   70   70   70   69   69   69
   69   69   70   70   70   71   71   72   72   73   74   74   75   75   76   76
   77   77   77   78   78   78   78   78   79   79   79   79   79   80   80   80
   80   80   81   81   81   81   81   81   80
    82.5-180.0 180.0   5.0 450.0                            LAT/LON1/LON2/DLON/H
   80   80   79   79   78   78   77   76   76   75   75   75   74   73   73   72
   71   70   70   69   68   67   66   65   64   63   62   62   62   61   61   61
   61   62   62   63   63   64   65   66   67   67   68   69   70   71   71   71
   72   72   72   72   72   72   71   71   71   72   72   72   73   74   74   75
   76   77   78   79   79   80   80   80   80
    80.0-180.0 180.0   5.0 450.0                            LAT/LON1/LON2/DLON/H
   85   85   85   84   83   81   80   79   78   77   76   75   74   72   71   69
   68   66   64   63   61   60   59   58   57   56   56   55   55   56   56   56
   57   58   58   59   60   61   62   63   63   64   65   66   67   67   67   67
   67   67   66   65   64   63   62   62   61   61   62   63   64   66   68   70
   72   75   77   80   82   83   85   85   85
    77.5-180.0 180.0   5.0 450.0                            LAT/LON1/LON2/DLON/H
   99   99   98   97   95   93   91   89   87   85   83   80   78   75   71   68
   65   61   59   56   54   53   52   51   51   51   52   52   53   54   55   56
   58   59   60   61   61   62   62   63   64   64   65   65   66   66   66   65
   64   63   61   59   56   54   52   51   50   50   51   52   54   58   61   66
   70   75   80   85   89   93   96   98   99
    75.0-180.0 180.0   5.0 450.0                            LAT/LON1/LON2/DLON/H
  121  122  121  119  117  114  110  107  104  101   97   93   87   81   75   68
   62   57   52   49   47   46   46   47   48   50   51   53   55   58   59   61
   63   64   65   66   66   66   66   66   66   66   66   66   67   67   66   65
   63   61   58   54   50   47   44   41   40   40   41   43   47   51   57   63
   71   78   86   94  102  108  114  118  121
    72.5-180.0 180.0   5.0 450.0                            LAT/LON1/LON2/DLON/H
  147  149  149  146  143  139  135  131  127  123  117  110  102   92   81   70
   60   52   46   42   40   40   42   45   48   51   54   58   61   63   66   68
   70   71   72   72   71   71   70   69   68   67   67   67   68   68   68   67
   64   61   57   52   47   42   37   34   33   33   35   38   43   49   56   65
   74   84   94  105  116  126  135  142  147
    70.0-180.0 180.0   5.0 450.0                            LAT/LON1/LON2/DLON/H
  172  175  175  173  170  165  161  157  153  148  141  132  120  105   89   74
   59   48   40   35   35   36   40   45   50   54   59   62   66   68   71   73
   74   75   75   74   73   71   69   67   66   65   65   66   66   67   68   67
   66   62   58   52   46   39   34   31   29   30   33   38   44   52   60   69
   79   91  103  116  130  143  155  165  172
    67.5-180.0 180.0   5.0 450.0                            LAT/LON1/LON2/DLON/H
  191  196  196  194  190  185  181  177  174  170  163  153  138  119   99   78
   60   45   36   32   32   36   41   47   53   58   61   64   67   69   70   71
   72   72   71   69   67   65   63   61   59   58   59   60   62   64   65   66
   65   63   58   52   45   39   34   30   29   31   36   43   50   59   68   78
   88   99  111  125  140  155  170  182  191
    65.0-180.0 180.0   5.0 450.0                            LAT/LON1/LON2/DLON/H
  202  207  208  205  200  195  191  189  188  186  180  170  154  133  108   84
   63   47   37   33   35   39   45   51   55   58   60   61   62   62   62   62
   62   61   59   57   55   53   51   49   48   48   48   50   53   56   59   61
   62   61   57   52   45   39   34   31   32   35   42   51   60   71   80   89
   98  107  118  131  146  162  178  192  202
    62.5-180.0 180.0   5.0 450.0                            LAT/LON1/LON2/DLON/H
  206  212  212  208  202  196  192  191  192  192  189  181  165  143  117   92
   69   53   44   41   42   46   50   53   55   55   53   52   50   49   48   48
   46   45   43   41   39   38   37   36   36   36   37   39   42   46   50   53
   56   56   54   50   45   39   35   33   34   40   49   60   72   84   94  103
  111  118  126  137  150  166  182  196  206
    60.0-180.0 180.0   5.0 450.0                            LAT/LON1/LON2/DLON/H
  209  214  213  208  200  193  188  186  188  190  190  184  170  150  126  101
   80   65   57   54   54   55   55   54   51   46   42   38   35   33   32   32
   31   30   28   27   26   26   26   27   27   28   29   30   32   35   39   44
   47   49   49   47   43   38   35   34   36   43   54   68   83   97  109  119
  126  131  137  145  156  170  185  199  209
    57.5-180.0 180.0   5.0 450.0                            LAT/LON1/LON2/DLON/H
  215  219  218  211  202  192  185  182  182  184  185  181  171  154  133  112
   94   81   73   70   67   64   59   52   43   35   28   24   21   20   20   21
   21   20   20   20   20   22   23   25   26   26   26   25   26   28   31   35
   39   42   44   43   41   37   35   34   37   45   57   73   91  109  124  135
  143  147  152  158  167  179  193  205  215
    55.0-180.0 180.0   5.0 450.0                            LAT/LON1/LON2/DLON/H
  228  232  230  224  214  203  192  184  181  180  179  176  169  156  139  122
  108   98   91   85   79   70   60   48   35   25   17   13   13   14   17   19
   21   22   22   23   25   28   31   33   34   33   31   28   26   26   27   30
   34   38   40   41   40   38   35   35   38   46   59   76   97  117  136  150
  160  166  170  176  184  194  207  219  228
    52.5-180.0 180.0   5.0 450.0                            LAT/LON1/LON2/DLON/H
  247  252  252  248  239  227  214  200  189  182  177  173  166  156  144  132
  121  113  105   98   87   74   60   44   30   20   14   12   14   18   23   27
   31   33   35   37   39   43   47   50   50   48   44   39   35   32   31   32
   35   38   41   43   43   41   39   38   41   48   61   80  101  124  146  163
  176  184  190  196  204  215  227  238  247
    50.0-180.0 180.0   5.0 450.0                            LAT/LON1/LON2/DLON/H
  268  274  277  278  274  264  249  230  211  195  183  174  167  158  149  139
  130  122  114  104   91   76   60   45   32   23   20   21   25   31   37   43
   47   50   53   56   59   63   67   70   70   67   62   56   50   46   43   42
   43   45   47   49   49   47   45   44   47   55   67   85  106  130  154  174
  189  200  208  216  225  236  248  259  268
    47.5-180.0 180.0   5.0 450.0                            LAT/LON1/LON2/DLON/H
  283  290  298  304  308  304  291  269  243  217  196  182  172  163  153  144
  135  126  116  105   92   79   65   53   43   37   36   38   43   49   54   58
   62   65   69   73   77   82   86   88   88   85   80   75   70   65   62   59
   58   58   59   59   58   56   54   54   58   66   78   95  115  138  161  182
  199  211  221  230  241  253  264  274  283
    45.0-180.0 180.0   5.0 450.0                            LAT/LON1/LON2/DLON/H
  285  293  303  317  330  336  329  308  277  244  216  196  181  170  159  148
  136  125  114  103   93   85   77   70   64   59   58   59   63   65   66   67
   68   72   76   82   88   93   97  100  101  100   97   94   91   88   84   81
   77   75   74   72   70   67   66   68   74   84   96  110  128  148  169  189
  205  217  228  238  249  261  271  279  285
    42.5-180.0 180.0   5.0 450.0                            LAT/LON1/LON2/DLON/H
  275  280  291  309  331  348  351  336  306  270  237  213  195  181  167  152
  137  123  111  102   98   97   96   94   89   84   80   79   78   75   70   65
   64   67   73   81   88   95  100  104  107  108  109  109  110  110  107  103
   98   93   90   86   82   78   77   82   92  105  118  131  145  161  178  196
  210  221  230  240  251  260  268  272  275
    40.0-180.0 180.0   5.0 450.0                            LAT/LON1/LON2/DLON/H
  257  256  263  281  308  335  349  344  320  286  254  229  210  194  177  158
  140  123  111  106  108  114  120  120  113  104   96   91   86   77   65   55
   50   53   62   72   82   90   97  102  107  112  116  121  125  127  126  122
  116  110  104   98   91   86   86   94  109  127  143  155  165  177  191  205
  217  226  234  242  250  258  261  260  257
    37.5-180.0 180.0   5.0 450.0                            LAT/LON1/LON2/DLON/H
  246  236  234  245  269  300  324  330  316  290  263  241  224  208  189  168
  148  130  119  116  123  135  144  142  129  113  101   94   88   76   59   44
   37   40   51   63   74   83   91   98  106  113  121  128  135  139  139  135
  128  121  114  107   98   91   92  103  124  148  167  178  186  195  207  219
  230  238  245  251  258  262  262  256  246
    35.0-180.0 180.0   5.0 450.0                            LAT/LON1/LON2/DLON/H
  259  240  223  219  232  259  286  301  298  282  263  247  234  220  202  182
  162  145  134  132  141  154  160  152  131  109   96   93   91   80   62   44
   36   40   51   64   74   82   90   98  107  116  125  133  140  144  144  140
  134  127  120  111  101   93   94  108  135  164  187  199  206  215  227  241
  253  262  269  276  282  285  283  274  259
    32.5-180.0 180.0   5.0 450.0                            LAT/LON1/LON2/DLON/H
  311  285  253  227  219  229  251  269  274  268  257  249  240  229  214  197
  180  165  154  151  157  166  165  148  119   95   88   96  105  101   85   67
   58   62   72   82   88   92   97  105  114  124  132  137  142  144  143  139
  133  126  120  113  102   92   93  110  141  175  201  216  225  236  251  270
  287  301  312  322  330  334  334  327  311
    30.0-180.0 180.0   5.0 450.0                            LAT/LON1/LON2/DLON/H
  410  382  337  287  248  233  238  250  257  257  253  249  244  235  223  211
  199  187  175  166  165  166  157  132   99   80   86  113  140  147  135  117
  108  111  117  120  118  114  114  119  128  136  141  142  142  140  137  132
  127  122  118  111  101   91   91  109  143  181  211  229  242  258  281  307
  332  353  372  388  402  411  418  420  410
    27.5-180.0 180.0   5.0 450.0                            LAT/LON1/LON2/DLON/H
  549  529  476  403  332  283  263  260  261  260  257  253  248  239  230  222
  215  205  190  174  163  155  139  111   82   76  104  155  201  219  210  193
  183  181  180  172  158  144  138  139  145  151  152  149  143  137  131  125
  120  116  113  108   99   89   89  108  145  186  219  242  260  285  316  351
  385  415  444  469  490  509  528  544  549
    25.0-180.0 180.0   5.0 450.0                            LAT/LON1/LON2/DLON/H
  710  705  655  566  465  382  331  307  295  286  277  267  257  245  234  229
  225  216  197  173  152  138  121   99   83   97  151  225  286  310  301  281
  268  261  250  228  200  175  161  158  162  165  164  156  146  136  128  121
  114  110  108  105   98   90   91  110  148  191  228  255  282  315  356  399
  441  480  518  553  584  613  646  683  710
    22.5-180.0 180.0   5.0 450.0                            LAT/LON1/LON2/DLON/H
  862  881  843  750  629  517  436  388  359  336  316  295  275  255  239  233
  230  220  196  165  139  125  116  109  114  153  228  318  384  404  388  362
  344  331  310  274  233  198  178  173  175  177  174  164  151  139  129  121
  112  106  104  102   98   93   95  116  154  199  239  272  308  350  399  448
  495  540  585  628  667  706  753  810  862
    20.0-180.0 180.0   5.0 450.0                            LAT/LON1/LON2/DLON/H
  976 1022 1005  921  794  664  562  492  446  408  373  339  305  274  250  238
  232  219  192  158  134  128  135  151  182  241  330  421  477  481  449  415
  393  375  345  299  248  208  185  178  180  183  181  173  160  148  137  127
  115  105  100   99   98   97  103  126  164  210  253  293  337  388  443  494
  540  587  636  684  727  771  826  900  976
    17.5-180.0 180.0   5.0 450.0                            LAT/LON1/LON2/DLON/H
 1027 1097 1108 1044  927  795  684  602  542  491  442  395  349  306  272  251
  238  222  194  163  147  157  187  228  281  353  440  515  544  520  469  426
  402  383  349  297  243  203  182  177  180  185  186  181  171  161  151  138
  121  106   97   95   98  102  113  138  178  224  269  316  368  426  482  531
  574  618  666  714  756  798  854  935 1027
    15.0-180.0 180.0   5.0 450.0                            LAT/LON1/LON2/DLON/H
 1007 1093 1130 1095 1002  885  779  697  632  573  515  459  405  353  309  277
  256  237  212  189  187  216  270  332  398  468  536  577  567  510  440  391
  371  356  324  274  223  189  173  172  177  185  190  190  184  177  167  152
  130  108   94   92   97  106  123  152  192  238  286  337  395  457  513  557
  594  632  676  719  755  787  834  910 1007
    12.5-180.0 180.0   5.0 450.0                            LAT/LON1/LON2/DLON/H
  923 1014 1071 1067 1008  919  833  763  702  643  582  524  467  413  362  321
  292  270  251  241  255  303  373  446  510  561  594  591  538  452  369  324
  313  308  284  242  200  175  168  170  177  187  196  200  198  194  184  167
  140  112   93   89   97  111  133  165  206  251  299  352  414  478  531  570
  599  632  670  706  731  749  778  836  923
    10.0-180.0 180.0   5.0 450.0                            LAT/LON1/LON2/DLON/H
  802  884  950  974  950  898  842  793  746  693  637  583  532  482  430  382
  347  325  314  318  346  404  478  546  592  611  600  551  463  358  277  245
  251  260  247  215  186  173  173  177  184  193  203  210  212  208  199  179
  149  116   94   89   97  116  142  177  218  261  307  360  423  485  535  568
  593  621  656  685  698  700  706  738  802
     7.5-180.0 180.0   5.0 450.0                            LAT/LON1/LON2/DLON/H
  678  738  802  844  853  838  815  793  764  723  675  631  594  554  506  456
  417  398  396  411  447  503  565  611  625  604  550  465  358  255  192  183
  210  233  230  209  191  188  192  196  199  205  214  221  222  219  209  188
  157  123   99   92  101  121  150  187  227  267  309  360  420  480  525  554
  577  606  639  664  669  656  641  644  678
     5.0-180.0 180.0   5.0 450.0                            LAT/LON1/LON2/DLON/H
  584  617  668  717  748  763  772  775  765  736  699  668  647  623  584  536
  496  480  486  508  541  580  614  624  599  540  454  352  250  172  142  163
  209  242  246  231  220  220  224  224  220  221  225  230  230  225  214  194
  164  131  108   99  107  127  157  194  233  269  307  354  410  464  505  532
  557  590  625  650  652  632  602  580  584
     2.5-180.0 180.0   5.0 450.0                            LAT/LON1/LON2/DLON/H
  545  551  582  625  666  701  732  756  761  742  714  694  689  682  654  610
  572  559  570  592  612  622  616  585  522  434  335  241  168  132  145  197
  256  291  293  277  266  265  263  255  243  236  235  235  232  226  215  197
  171  142  120  110  115  132  161  199  236  270  304  345  396  444  480  508
  537  576  617  646  652  634  600  565  545
