TEC/CODG3410.11I
     1.0            IONOSPHERE MAPS     GNSS                IONEX VERSION / TYPE
ADDNEQ2 V5.1        AIUB                12-DEC-11 17:32     PGM / RUN BY / DATE 
CODE'S GLOBAL IONOSPHERE MAPS FOR DAY 341, 2011             COMMENT             
Global ionosphere maps (GIM) are generated on a daily basis DESCRIPTION         
at CODE using data from about 150 GPS sites of the IGS and  DESCRIPTION         
other institutions. The vertical total electron content     DESCRIPTION         
(VTEC) is modeled in a solar-geomagnetic reference frame    DESCRIPTION         
using a spherical harmonics expansion up to degree and      DESCRIPTION         
order 15. Piece-wise linear functions are used for          DESCRIPTION         
representation in the time domain. The time spacing of      DESCRIPTION         
their vertices is 2 hours, conforming with the epochs of    DESCRIPTION         
the VTEC maps. Instrumental biases, so-called differential  DESCRIPTION         
P1-P2 code biases (DCB), for all GPS satellites and ground  DESCRIPTION         
stations are estimated as constant values for each day,     DESCRIPTION         
simultaneously with the 13 times 256, or 3328 parameters    DESCRIPTION         
used to represent the global VTEC distribution. The DCB     DESCRIPTION         
datum is defined by a zero-mean condition imposed on the    DESCRIPTION         
satellite bias estimates. P1-C1 bias corrections are taken  DESCRIPTION         
into account if needed. To convert line-of-sight TEC into   DESCRIPTION         
vertical TEC, a modified single-layer model mapping         DESCRIPTION         
function approximating the JPL extended slab model mapping  DESCRIPTION         
function is adopted. The mapping function is evaluated at   DESCRIPTION         
geodetic satellite elevation angles. For the computation of DESCRIPTION         
the ionospheric pierce points, a spherical layer with a     DESCRIPTION         
radius of 6821 km is assumed, implying geocentric, not      DESCRIPTION         
geodetic IONEX latitudes.                                   DESCRIPTION         
Note: These GIM results correspond to the results for the   DESCRIPTION         
middle day of a 3-day combination analysis solving for 37   DESCRIPTION         
times 256, or 9472 VTEC parameters and one common set of    DESCRIPTION         
satellite and 24-hour receiver DCB constants.               DESCRIPTION         
Contact address: stefan.schaer or code @aiub.unibe.ch       DESCRIPTION         
Web site:        http://www.aiub.unibe.ch/ionosphere/       DESCRIPTION         
Data archive:    ftp://ftp.unibe.ch/aiub/CODE/              DESCRIPTION         
                 http://www.aiub.unibe.ch/download/CODE/    DESCRIPTION         
  2011    12     7     0     0     0                        EPOCH OF FIRST MAP  
  2011    12     8     0     0     0                        EPOCH OF LAST MAP   
  7200                                                      INTERVAL            
    13                                                      # OF MAPS IN FILE   
  NONE                                                      MAPPING FUNCTION    
    10.0                                                    ELEVATION CUTOFF    
One-way carrier phase leveled to code                       OBSERVABLES USED    
[...]
chti chur cnmr coco conz cpxf crar cro1 ctwn daej darw dav1 COMMENT             
dgar dgav dhlg drao dubo ebre eprt etad etdd fair faiv fale COMMENT             
flin flrs frdn func ganp glsv gode gold gope gras graz guam COMMENT             
guat guug harb hers hert hnpt hob2 hofn holb holm hrao iddr COMMENT             
ieng iisc ineg invk iqal irkj irkt isba ispa joz2 joze jplv COMMENT             
karr kely kerg khaj khar kir0 kiru kokb kokv kouc kour lama COMMENT             
lck2 lcki lhaz lmmf lpal lpgs m0se mac1 madr mag0 mal2 mana COMMENT             
mas1 mat1 mate maui maw1 mccj mcil mdo1 mdvj medi mets metz COMMENT             
mizu mkea mnls mobj mobk mobs monp morp mqzg mtka nano nico COMMENT             
nist nklg nlib not1 novm nrc1 nril nrmd ntus nurk nya1 ohi2 COMMENT             
ohi3 onsa opmt pado palv park pbr2 pbri pdel penc pert pfa2 COMMENT             
pie1 pimo pol2 pots pove prds ptag ptbb qaq1 quin rabt ramo COMMENT             
rbay reso reun reyk rio2 riop rosa roth salu sch2 scor sele COMMENT             
sfer shao smst sofi spt0 sthl stjo suth sutv suwn sydn syog COMMENT             
tabv tah1 tah2 thti thu2 thu3 tid1 tidb tixg tixi tlse tn22 COMMENT             
tow2 tro1 tsea tskb twtf txes uclu ulab unb3 unbj unbn unbt COMMENT             
unsa urum urus usn3 usno usud vaco vald vesl vill vtsp wab2 COMMENT             
wes2 wgtn whit will wind wsrt wtza wtzr wtzs wtzz wuhn xmis COMMENT             
yakt yar2 yar3 yarr ycba yell yssk zeck zim2 zwe2           COMMENT             
                                                            END OF HEADER       
[from data line 1716]
     5                                                      START OF TEC MAP    
  2011    12     7     8     0     0                        EPOCH OF CURRENT MAP
    87.5-180.0 180.0   5.0 450.0                            LAT/LON1/LON2/DLON/H
   24   25   26   27   28   29   30   31   33   34   35   36   37   38   38   39
   40   40   40   41   41   41   41   40   40   40   39   39   38   37   36   36
   35   34   33   32   31   31   30   29   29   28   27   27   26   26   25   25
   25   24   24   23   23   23   22   22   21   21   21   20   20   20   20   20
   20   20   20   20   21   21   22   23   24
    85.0-180.0 180.0   5.0 450.0                            LAT/LON1/LON2/DLON/H
   17   19   21   23   26   28   31   34   36   39   41   43   45   47   48   50
   51   52   52   52   53   53   52   52   51   50   49   48   46   44   43   41
   39   37   36   34   32   31   30   29   28   28   27   27   27   27   27   28
   28   28   28   27   27   26   25   24   23   22   21   19   18   16   15   14
   13   13   12   12   13   13   14   16   17
    82.5-180.0 180.0   5.0 450.0                            LAT/LON1/LON2/DLON/H
   11   13   16   19   23   27   31   35   38   42   45   48   51   53   55   56
   58   59   59   60   60   60   60   59   59   58   56   55   53   50   48   45
   42   39   37   34   32   30   29   29   28   29   30   31   33   35   37   39
   40   42   42   43   42   42   40   38   36   33   30   27   24   20   17   14
   12    9    8    7    6    6    7    9   11
    80.0-180.0 180.0   5.0 450.0                            LAT/LON1/LON2/DLON/H
    6    8   12   16   20   24   29   34   38   43   46   50   52   55   56   58
   59   60   61   61   62   62   63   63   63   62   61   60   58   55   52   48
   44   41   37   34   31   29   29   29   30   33   36   40   45   49   54   58
   62   65   67   68   69   68   65   62   59   54   49   43   37   32   26   21
   16   12    8    5    4    3    3    4    6
    77.5-180.0 180.0   5.0 450.0                            LAT/LON1/LON2/DLON/H
    5    7   10   13   18   22   27   32   37   41   45   48   50   52   53   54
   55   55   56   57   58   60   61   63   64   64   64   63   62   59   55   51
   46   42   37   33   30   29   29   31   35   40   46   54   62   70   78   85
   91   96   99  101  101  100   97   92   87   80   73   65   57   48   40   33
   26   19   14   10    7    5    4    4    5
    75.0-180.0 180.0   5.0 450.0                            LAT/LON1/LON2/DLON/H
    9   10   12   14   17   21   25   30   34   38   42   44   45   46   47   47
   47   48   49   51   53   55   58   61   63   65   66   66   64   62   58   53
   47   42   37   33   30   29   31   35   42   50   60   71   83   94  105  114
  122  128  132  134  134  132  128  122  115  106   97   88   77   67   57   48
   39   31   25   19   15   12   10    9    9
    72.5-180.0 180.0   5.0 450.0                            LAT/LON1/LON2/DLON/H
   18   18   17   18   19   22   25   29   32   35   38   39   40   40   40   39
   39   40   42   44   47   51   55   59   62   65   66   67   65   62   58   53
   47   41   36   32   30   31   35   42   52   64   77   91  106  120  132  143
  152  158  162  164  162  159  154  147  138  129  118  107   96   84   73   63
   53   44   37   32   28   24   22   20   18
    70.0-180.0 180.0   5.0 450.0                            LAT/LON1/LON2/DLON/H
   31   29   26   25   24   24   26   29   31   33   35   35   35   34   33   33
   33   34   37   40   44   49   54   58   62   64   66   66   64   60   56   50
   44   38   33   31   31   34   41   51   64   79   96  113  129  144  157  168
  177  182  185  186  183  179  172  164  155  144  133  122  110   98   86   74
   64   55   49   43   40   37   35   33   31
    67.5-180.0 180.0   5.0 450.0                            LAT/LON1/LON2/DLON/H
   44   41   37   33   30   29   29   30   32   33   34   33   32   30   29   28
   29   31   35   39   44   49   54   58   61   63   63   62   59   55   50   44
   38   33   30   30   32   39   49   63   79   97  115  133  150  164  177  187
  195  200  202  201  198  192  184  175  165  154  143  132  119  107   94   82
   71   62   55   51   49   48   48   46   44
    65.0-180.0 180.0   5.0 450.0                            LAT/LON1/LON2/DLON/H
   54   51   46   41   36   33   32   33   34   34   34   32   30   28   26   26
   27   31   35   40   45   50   54   57   59   59   58   56   51   46   41   35
   31   28   27   30   36   46   60   77   96  115  134  152  167  180  191  200
  207  212  214  213  209  203  194  184  174  163  151  139  127  113  100   86
   73   63   56   53   52   54   55   56   54
    62.5-180.0 180.0   5.0 450.0                            LAT/LON1/LON2/DLON/H
   60   57   52   46   41   37   36   36   37   37   36   33   30   27   25   25
   27   31   35   40   45   49   52   54   55   54   52   47   42   36   31   26
   23   23   26   32   42   56   73   93  113  133  152  168  181  192  202  210
  218  223  226  226  223  216  207  196  184  173  161  149  135  121  105   89
   74   61   53   49   49   53   57   60   60
    60.0-180.0 180.0   5.0 450.0                            LAT/LON1/LON2/DLON/H
   60   58   54   49   43   40   39   39   39   39   38   34   30   27   24   24
   27   30   35   39   43   46   48   49   49   48   44   39   33   27   22   19
   18   21   28   38   52   69   88  110  131  150  168  182  193  203  212  221
  230  237  242  244  241  235  225  213  200  187  174  161  147  132  114   95
   76   60   48   43   43   47   53   58   60
    57.5-180.0 180.0   5.0 450.0                            LAT/LON1/LON2/DLON/H
   56   56   53   48   44   41   40   40   41   41   40   36   31   27   25   24
   26   30   33   36   39   41   42   43   44   42   39   34   27   21   17   16
   18   25   35   48   65   84  105  127  147  166  182  195  205  214  224  234
  245  256  263  267  265  258  247  233  219  204  191  177  163  146  126  105
   82   62   47   39   37   40   47   53   56
    55.0-180.0 180.0   5.0 450.0                            LAT/LON1/LON2/DLON/H
   51   52   50   46   42   40   40   41   42   42   41   37   33   29   26   25
   26   28   31   33   34   36   37   39   40   39   37   32   26   20   17   18
   23   33   47   63   82  101  122  143  163  180  195  207  217  228  239  252
  265  278  287  291  289  281  269  254  238  222  207  193  178  161  141  119
   94   71   52   40   35   37   42   47   51
    52.5-180.0 180.0   5.0 450.0                            LAT/LON1/LON2/DLON/H
   49   49   48   45   42   40   39   40   42   42   42   39   35   31   28   27
   27   28   30   31   32   33   35   38   41   42   40   35   29   24   22   25
   34   47   63   82  100  120  139  158  176  193  208  221  232  245  258  273
  287  300  308  311  307  298  284  268  250  233  218  203  189  174  156  134
  110   86   65   50   42   40   42   46   49
    50.0-180.0 180.0   5.0 450.0                            LAT/LON1/LON2/DLON/H
   51   51   49   46   43   41   40   40   41   42   42   41   38   35   32   30
   30   30   31   32   34   36   40   44   48   50   48   43   37   32   31   36
   48   64   83  102  120  138  154  171  188  204  220  235  249  264  279  293
  307  316  321  320  313  301  287  270  252  235  219  205  192  179  164  146
  125  103   83   67   56   51   49   50   51
    47.5-180.0 180.0   5.0 450.0                            LAT/LON1/LON2/DLON/H
   59   57   55   52   48   45   43   42   42   42   43   43   42   40   38   35
   35   35   37   39   42   47   52   57   61   63   60   55   48   43   42   49
   63   82  102  122  139  154  168  182  198  215  232  250  267  283  298  311
  319  323  321  314  304  290  275  260  243  227  211  197  186  175  164  151
  136  119  102   87   75   67   63   60   59
    45.0-180.0 180.0   5.0 450.0                            LAT/LON1/LON2/DLON/H
   70   67   64   61   57   53   49   46   44   44   45   46   47   46   44   42
   41   42   45   50   56   63   70   76   79   79   74   67   58   53   53   61
   77   98  121  141  157  169  180  192  206  224  243  263  283  300  313  321
  323  318  309  297  283  270  257  244  231  216  200  186  174  165  157  149
  139  127  116  104   94   85   79   74   70
    42.5-180.0 180.0   5.0 450.0                            LAT/LON1/LON2/DLON/H
   82   78   75   72   68   63   58   52   48   46   47   50   52   52   51   49
   48   50   56   64   74   83   91   97   98   95   88   78   68   61   61   71
   89  112  136  157  172  183  191  201  215  232  252  274  294  311  321  323
  318  306  291  275  262  252  243  235  226  213  197  181  167  156  148  142
  135  128  121  114  107   99   93   87   82
    40.0-180.0 180.0   5.0 450.0                            LAT/LON1/LON2/DLON/H
   91   88   85   83   79   74   67   60   53   50   50   53   56   58   58   56
   56   59   67   78   91  103  111  115  115  109   99   86   74   67   67   78
   98  123  148  169  184  194  202  211  223  240  260  282  302  317  323  320
  309  293  277  265  257  253  251  249  244  232  216  196  177  161  148  138
  130  123  119  115  111  106  100   95   91
    37.5-180.0 180.0   5.0 450.0                            LAT/LON1/LON2/DLON/H
   95   93   92   90   87   83   76   67   59   53   52   55   60   63   63   62
   63   67   76   90  105  118  126  129  126  118  106   93   79   71   72   83
  104  130  156  179  195  206  213  222  233  249  267  287  305  318  321  316
  303  290  281  278  282  288  295  299  297  287  268  244  217  191  168  148
  132  120  113  109  106  103  100   97   95
    35.0-180.0 180.0   5.0 450.0                            LAT/LON1/LON2/DLON/H
   94   94   93   93   91   88   82   73   63   55   53   56   61   66   68   68
   69   74   84   98  113  125  133  134  130  122  111   97   84   75   75   87
  108  135  163  186  205  217  227  236  246  259  275  292  308  319  322  318
  311  307  313  327  347  366  382  391  392  381  360  329  293  254  217  181
  150  127  112  103   99   96   95   94   94
    32.5-180.0 180.0   5.0 450.0                            LAT/LON1/LON2/DLON/H
   92   93   93   92   91   88   84   76   65   56   52   55   61   67   71   74
   75   80   89  101  115  126  132  133  129  122  113  100   88   79   79   90
  112  140  168  194  215  230  243  253  263  273  285  299  314  326  332  334
  337  349  376  413  452  485  508  521  522  510  485  448  402  350  296  242
  193  153  124  107   97   92   90   91   92
    30.0-180.0 180.0   5.0 450.0                            LAT/LON1/LON2/DLON/H
   95   96   94   91   88   86   83   75   65   56   51   53   60   68   74   78
   81   85   92  102  112  121  125  126  123  119  113  103   92   83   83   95
  117  145  175  202  226  246  262  274  284  292  301  313  328  343  356  367
  384  417  466  527  585  629  657  670  670  657  629  587  533  469  400  329
  261  202  158  128  110   99   95   94   95
    27.5-180.0 180.0   5.0 450.0                            LAT/LON1/LON2/DLON/H
  110  107  101   94   88   84   80   74   65   56   52   53   59   68   76   82
   86   89   94  101  108  114  117  117  116  116  113  106   96   87   88  101
  124  152  183  213  240  264  285  300  310  318  325  337  355  376  397  419
  451  501  572  651  723  775  803  813  810  796  767  723  664  594  515  431
  348  274  215  172  143  125  115  111  110
    25.0-180.0 180.0   5.0 450.0                            LAT/LON1/LON2/DLON/H
  140  132  120  106   94   86   81   75   68   60   56   56   61   69   77   84
   89   92   96  100  105  109  110  110  111  113  113  107   98   90   92  107
  132  162  194  226  257  286  310  329  341  350  358  373  395  424  454  486
  529  591  674  765  842  893  916  922  917  903  875  832  773  702  621  533
  444  361  292  238  198  171  155  146  140
    22.5-180.0 180.0   5.0 450.0                            LAT/LON1/LON2/DLON/H
  185  172  153  131  111   97   88   82   77   71   67   65   67   72   78   85
   91   94   97  100  104  107  107  107  108  111  112  106   96   90   94  113
  141  174  207  242  276  309  338  360  375  386  399  418  448  485  522  560
  607  671  756  846  918  961  975  974  968  955  932  892  839  774  700  618
  533  450  377  317  270  236  212  197  185
    20.0-180.0 180.0   5.0 450.0                            LAT/LON1/LON2/DLON/H
  243  223  198  168  140  118  105   98   94   91   87   82   79   78   81   86
   91   95   98  102  107  110  110  109  109  110  109  102   92   87   95  119
  152  187  222  258  296  332  364  390  409  425  444  470  507  550  593  631
  673  730  804  880  938  965  968  961  954  946  928  895  851  798  739  673
  601  527  459  398  349  310  281  260  243
    17.5-180.0 180.0   5.0 450.0                            LAT/LON1/LON2/DLON/H
  303  280  249  214  179  150  132  124  122  120  116  108   99   90   86   87
   91   95   99  104  111  116  117  114  112  110  106   96   85   82   95  125
  163  201  238  275  314  353  387  416  440  463  488  521  565  612  655  689
  720  761  814  867  903  911  901  888  883  880  869  845  811  774  736  692
  640  583  524  469  420  380  349  324  303
    15.0-180.0 180.0   5.0 450.0                            LAT/LON1/LON2/DLON/H
  357  332  301  262  223  190  168  159  158  158  153  142  125  108   97   92
   93   96  100  107  116  123  125  121  116  110  102   89   77   77   96  132
  174  214  251  288  328  368  404  436  464  493  526  566  613  662  701  727
  743  762  790  817  827  816  794  778  775  778  774  758  737  717  700  680
  651  611  564  518  474  436  405  380  357
    12.5-180.0 180.0   5.0 450.0                            LAT/LON1/LON2/DLON/H
  395  372  342  305  265  230  207  198  198  199  194  178  155  131  112  102
   99  100  103  110  121  129  131  127  119  110   98   84   72   75   99  139
  184  225  260  297  337  377  413  446  479  514  553  597  645  691  725  741
  743  743  747  748  736  709  678  661  661  669  670  662  652  648  650  650
  639  614  579  540  502  468  440  416  395
    10.0-180.0 180.0   5.0 450.0                            LAT/LON1/LON2/DLON/H
  412  392  367  335  298  265  243  235  236  238  232  214  186  157  134  119
  112  109  109  114  123  132  135  130  121  110   96   81   71   77  105  148
  194  232  265  300  339  378  414  447  483  523  566  612  657  698  726  734
  727  713  700  684  657  620  586  569  572  582  588  586  584  592  607  620
  620  603  572  537  504  474  450  430  412
     7.5-180.0 180.0   5.0 450.0                            LAT/LON1/LON2/DLON/H
  406  391  372  346  316  288  270  264  266  268  261  241  213  183  158  141
  131  123  119  119  125  132  134  130  120  110   97   84   76   85  114  158
  202  237  266  297  334  372  406  439  476  519  565  610  650  684  707  712
  702  685  666  644  612  574  541  527  531  542  549  551  556  570  591  607
  607  588  555  519  486  459  438  421  406
     5.0-180.0 180.0   5.0 450.0                            LAT/LON1/LON2/DLON/H
  384  372  358  339  317  296  283  280  283  284  275  256  230  203  181  165
  153  141  131  126  126  130  131  127  119  110  100   89   85   95  126  168
  208  238  263  291  326  361  394  425  463  507  553  594  628  656  675  682
  679  669  656  638  613  582  557  546  550  559  566  570  578  594  613  622
  611  580  538  495  459  432  412  396  384
     2.5-180.0 180.0   5.0 450.0                            LAT/LON1/LON2/DLON/H
  353  343  332  318  302  288  280  280  283  282  273  255  234  214  198  186
  174  160  145  133  128  128  127  123  118  112  105   97   95  108  138  178
  214  239  260  285  317  351  381  411  447  490  534  571  598  621  640  654
  663  667  669  667  657  641  627  621  624  629  634  638  647  660  670  663
  635  588  531  478  435  405  383  366  353
