TEC/CODG0440.12I
     1.0            IONOSPHERE MAPS     GNSS                IONEX VERSION / TYPE
ADDNEQ2 V5.1        AIUB                20-FEB-12 14:08     PGM / RUN BY / DATE 
CODE'S GLOBAL IONOSPHERE MAPS FOR DAY 044, 2012             COMMENT             
Global ionosphere maps (GIM) are generated on a daily basis DESCRIPTION         
at CODE using data from about 150 GPS sites of the IGS and  DESCRIPTION         
other institutions. The vertical total electron content     DESCRIPTION         
(VTEC) is modeled in a solar-geomagnetic reference frame    DESCRIPTION         
using a spherical harmonics expansion up to degree and      DESCRIPTION         
order 15. Piece-wise linear functions are used for          DESCRIPTION         
representation in the time domain. The time spacing of      DESCRIPTION         
their vertices is 2 hours, conforming with the epochs of    DESCRIPTION         
the VTEC maps. Instrumental biases, so-called differential  DESCRIPTION         
P1-P2 code biases (DCB), for all GPS satellites and ground  DESCRIPTION         
stations are estimated as constant values for each day,     DESCRIPTION         
simultaneously with the 13 times 256, or 3328 parameters    DESCRIPTION         
used to represent the global VTEC distribution. The DCB     DESCRIPTION         
datum is defined by a zero-mean condition imposed on the    DESCRIPTION         
satellite bias estimates. P1-C1 bias corrections are taken  DESCRIPTION         
into account if needed. To convert line-of-sight TEC into   DESCRIPTION         
vertical TEC, a modified single-layer model mapping         DESCRIPTION         
function approximating the JPL extended slab model mapping  DESCRIPTION         
function is adopted. The mapping function is evaluated at   DESCRIPTION         
geodetic satellite elevation angles. For the computation of DESCRIPTION         
the ionospheric pierce points, a spherical layer with a     DESCRIPTION         
radius of 6821 km is assumed, implying geocentric, not      DESCRIPTION         
geodetic IONEX latitudes.                                   DESCRIPTION         
Note: These GIM results correspond to the results for the   DESCRIPTION         
middle day of a 3-day combination analysis solving for 37   DESCRIPTION         
times 256, or 9472 VTEC parameters and one common set of    DESCRIPTION         
satellite and 24-hour receiver DCB constants.               DESCRIPTION         
Contact address: stefan.schaer or code @aiub.unibe.ch       DESCRIPTION         
Web site:        http://www.aiub.unibe.ch/ionosphere/       DESCRIPTION         
Data archive:    ftp://ftp.unibe.ch/aiub/CODE/              DESCRIPTION         
                 http://www.aiub.unibe.ch/download/CODE/    DESCRIPTION         
  2012     2    13     0     0     0                        EPOCH OF FIRST MAP  
  2012     2    14     0     0     0                        EPOCH OF LAST MAP   
  7200                                                      INTERVAL            
    13                                                      # OF MAPS IN FILE   
  NONE                                                      MAPPING FUNCTION    
    10.0                                                    ELEVATION CUTOFF    
One-way carrier phase leveled to code                       OBSERVABLES USED    
[...]
chpi chti chur cnmr coco conz coyq cpxf crar cro1 ctwn daej COMMENT             
darw dav1 dgar dgav dhlg drao dubo ebre etad fair faiv fale COMMENT             
flin flrs frdn func ganp glsv gode godz gold gope gras graz COMMENT             
guam guug harb hers hert hnpt hob2 hofn holb holm hrao hyde COMMENT             
iddr ieng iisc ineg invk iqal iqui irkj irkt isba ispa joz2 COMMENT             
joze jplv karr kely kerg khaj khar kir0 kiru kit3 kokb kokv COMMENT             
kouc lama lhaz lmmf lpal lpgs m0se mac1 madr mag0 mal2 mas1 COMMENT             
mat1 mate maui maw1 mcm4 mdo1 mdvj medi mets metz mizu mkea COMMENT             
mnls mobj mobk mobs monp morp mqzg nano nico nist nklg nlib COMMENT             
not1 novm nrc1 nril nrmd ntus nurk nya1 ohi2 ohi3 onsa opmt COMMENT             
pado palv park pdel penc pfa2 pie1 pimo pol2 pots pove prds COMMENT             
ptbb qaq1 quin rabt ramo reso reun reyk rio2 riop rosa roth COMMENT             
salu sant savo sch2 scor scub sele sfer shao smst sofi spt0 COMMENT             
sthl stjo str2 suth sutv suwn sydn syog tabv tah1 tah2 thti COMMENT             
thu2 thu3 tid1 tidb tixg tixi tlse tn22 tow2 tro1 tsea tskb COMMENT             
twtf txes uclu ufpr ulab unb3 unbj unbn unbt unsa urus usn3 COMMENT             
usno usud vaco vald vesl vill vtsp wab2 wes2 wgtn whit will COMMENT             
wsrt wtza wtzr wtzs wtzz wuhn xmis yakt yar2 yar3 yarr ycba COMMENT             
yell yssk zeck zim2 zimm zwe2                               COMMENT             
                                                            END OF HEADER       
[from data line 5148]
    13                                                      START OF TEC MAP    
  2012     2    14     0     0     0                        EPOCH OF CURRENT MAP
    87.5-180.0 180.0   5.0 450.0                            LAT/LON1/LON2/DLON/H
   76   77   79   80   81   82   83   84   85   86   87   87   87   88   88   87
   87   87   86   85   84   83   81   80   79   77   76   74   73   71   69   68
   67   65   64   63   62   61   60   59   58   57   57   56   56   55   55   55
   55   55   55   55   55   56   56   57   57   58   59   60   61   62   63   64
   65   66   68   69   70   72   73   74   76
    85.0-180.0 180.0   5.0 450.0                            LAT/LON1/LON2/DLON/H
   83   86   88   91   93   96   98  101  103  105  107  108  109  110  110  110
  109  107  106  104  101   98   95   92   89   85   82   78   75   72   69   67
   64   62   60   59   57   56   55   54   53   52   51   51   50   50   49   49
   49   49   49   49   49   50   50   51   52   53   55   56   58   59   61   63
   65   67   69   71   73   76   78   81   83
    82.5-180.0 180.0   5.0 450.0                            LAT/LON1/LON2/DLON/H
   90   93   97  100  104  107  111  115  118  122  125  127  129  131  131  131
  129  127  124  121  116  111  106  100   95   89   84   79   74   70   67   64
   62   60   58   57   57   56   56   55   55   54   54   53   52   51   51   50
   49   49   49   49   49   49   50   51   52   54   55   57   59   61   63   66
   68   70   73   76   78   81   84   87   90
    80.0-180.0 180.0   5.0 450.0                            LAT/LON1/LON2/DLON/H
   98  101  104  108  112  116  121  125  130  135  139  143  146  148  148  147
  145  142  137  132  125  118  110  103   95   88   81   75   70   66   63   61
   60   59   59   60   61   62   63   63   64   64   63   62   61   60   58   57
   55   54   53   52   52   52   53   54   55   57   59   61   63   66   68   71
   74   77   80   83   86   89   92   95   98
    77.5-180.0 180.0   5.0 450.0                            LAT/LON1/LON2/DLON/H
  107  110  113  116  119  123  127  133  138  143  148  153  156  158  158  157
  153  148  142  134  126  117  107   98   90   82   75   69   64   61   59   58
   59   60   63   65   68   71   73   75   76   77   76   75   73   71   68   65
   63   60   59   57   57   57   57   58   60   61   63   65   68   71   74   77
   80   83   87   91   94   98  101  104  107
    75.0-180.0 180.0   5.0 450.0                            LAT/LON1/LON2/DLON/H
  118  120  122  124  126  129  133  137  143  148  154  158  161  162  161  158
  153  146  137  128  118  108   98   88   80   73   66   62   59   57   57   58
   60   63   67   72   76   80   84   87   88   89   88   86   84   80   76   72
   68   65   63   61   60   60   60   61   63   65   67   69   71   74   77   81
   85   89   94   99  103  108  112  115  118
    72.5-180.0 180.0   5.0 450.0                            LAT/LON1/LON2/DLON/H
  130  131  132  132  133  135  137  141  146  152  157  161  163  162  159  153
  146  136  126  115  104   94   85   76   69   64   60   57   56   56   57   59
   63   67   71   76   81   86   90   93   95   95   95   92   89   84   79   74
   70   66   64   62   61   61   61   62   64   66   68   70   73   76   79   83
   87   93   98  105  111  117  123  127  130
    70.0-180.0 180.0   5.0 450.0                            LAT/LON1/LON2/DLON/H
  141  142  142  141  140  140  141  145  150  155  159  162  163  160  154  145
  135  123  111   99   89   80   72   66   61   58   57   56   57   58   60   62
   66   69   72   76   80   84   87   90   92   93   92   90   86   81   76   71
   67   63   61   59   59   59   59   61   62   64   67   70   73   76   79   83
   88   94  101  109  117  125  132  138  141
    67.5-180.0 180.0   5.0 450.0                            LAT/LON1/LON2/DLON/H
  150  151  150  147  145  144  145  148  153  159  163  166  164  159  150  138
  125  111   98   86   77   69   63   59   57   57   57   59   60   62   64   66
   67   68   69   71   72   74   76   78   80   81   81   79   76   72   67   62
   59   56   54   53   53   54   55   57   59   62   66   70   74   77   81   85
   90   96  103  112  122  132  140  147  150
    65.0-180.0 180.0   5.0 450.0                            LAT/LON1/LON2/DLON/H
  157  158  155  152  149  147  148  151  157  163  168  171  169  162  150  136
  120  105   92   80   71   65   60   58   58   59   60   63   65   66   67   67
   66   64   62   60   58   57   58   59   61   63   64   63   62   59   55   51
   49   47   46   47   47   48   50   52   55   60   65   71   77   82   87   91
   95  100  108  117  127  138  147  154  157
    62.5-180.0 180.0   5.0 450.0                            LAT/LON1/LON2/DLON/H
  163  163  160  155  151  149  150  154  160  168  175  178  176  168  155  139
  123  107   94   83   74   68   63   61   61   62   63   65   67   67   67   65
   61   57   52   47   42   39   38   38   41   44   47   48   48   46   44   41
   39   39   39   40   41   43   45   48   52   59   67   76   85   92   98  102
  106  110  116  125  135  145  154  161  163
    60.0-180.0 180.0   5.0 450.0                            LAT/LON1/LON2/DLON/H
  170  168  164  159  155  153  153  157  164  173  181  185  184  177  164  149
  133  118  105   94   84   76   70   66   64   63   64   65   66   65   63   60
   55   50   43   36   29   24   22   23   26   31   35   38   40   39   37   35
   34   34   35   36   37   39   41   44   51   60   71   85   97  108  115  120
  123  126  131  138  147  157  165  169  170
    57.5-180.0 180.0   5.0 450.0                            LAT/LON1/LON2/DLON/H
  181  177  172  167  162  160  160  162  169  177  186  192  193  187  176  162
  147  133  121  109   98   87   77   70   65   64   63   63   62   59   57   53
   49   44   38   31   24   19   16   17   21   27   33   38   40   40   38   36
   34   34   34   35   36   38   40   44   51   63   79   96  113  126  136  141
  144  146  150  157  165  173  179  182  181
    55.0-180.0 180.0   5.0 450.0                            LAT/LON1/LON2/DLON/H
  196  191  186  181  177  174  172  172  175  181  190  197  200  197  187  175
  162  149  138  125  111   96   83   73   66   63   62   60   58   54   51   48
   45   42   38   33   28   24   22   24   29   35   42   47   49   49   47   44
   41   39   38   38   39   40   42   46   55   69   88  109  129  145  156  163
  166  169  173  179  187  194  199  199  196
    52.5-180.0 180.0   5.0 450.0                            LAT/LON1/LON2/DLON/H
  216  210  205  201  198  195  190  186  184  187  193  200  205  203  196  186
  174  163  151  137  121  103   87   75   69   66   65   62   58   53   48   46
   45   46   45   43   41   39   39   41   46   52   59   63   66   65   62   58
   53   49   46   45   45   45   46   51   61   77   98  121  143  161  174  181
  185  189  194  201  209  217  220  220  216
    50.0-180.0 180.0   5.0 450.0                            LAT/LON1/LON2/DLON/H
  237  232  228  226  225  222  215  205  197  193  196  202  208  208  202  193
  182  172  159  144  126  106   90   80   76   75   75   72   65   57   51   48
   50   53   56   58   59   59   60   64   68   74   79   83   85   84   81   75
   68   62   57   54   53   52   54   59   70   86  108  132  154  172  185  193
  198  204  210  219  229  237  241  241  237
    47.5-180.0 180.0   5.0 450.0                            LAT/LON1/LON2/DLON/H
  255  252  250  251  253  251  242  228  212  202  200  204  210  211  206  197
  187  175  162  146  128  110   97   91   91   94   94   89   80   69   60   56
   57   62   67   72   76   79   82   86   90   94   98  101  103  103   99   93
   84   76   69   64   62   61   63   68   79   96  117  140  161  178  190  199
  205  212  220  231  242  251  257  258  255
    45.0-180.0 180.0   5.0 450.0                            LAT/LON1/LON2/DLON/H
  268  266  267  271  276  276  267  249  229  213  206  208  213  214  210  201
  189  177  163  147  130  115  108  108  113  119  119  112   99   84   71   65
   64   69   75   82   87   92   97  101  105  108  111  114  116  117  114  108
   98   88   80   74   71   70   72   78   89  105  125  146  165  180  191  199
  206  214  223  234  246  257  265  268  268
    42.5-180.0 180.0   5.0 450.0                            LAT/LON1/LON2/DLON/H
  273  273  275  280  288  292  285  267  244  224  214  215  219  220  215  205
  193  180  166  150  135  126  124  130  139  145  143  133  116   98   82   73
   70   73   78   85   91   97  103  108  112  114  117  120  123  125  124  119
  109   98   89   82   78   77   80   86   97  113  132  151  167  180  190  198
  205  214  223  232  243  255  265  271  273
    40.0-180.0 180.0   5.0 450.0                            LAT/LON1/LON2/DLON/H
  274  275  275  280  289  295  293  278  256  236  225  224  227  228  223  214
  202  188  173  158  145  140  143  152  160  163  158  144  125  106   89   78
   73   73   77   82   88   94  101  106  111  113  116  120  125  129  129  124
  115  104   94   87   83   82   84   91  103  119  137  155  170  181  190  198
  206  214  222  229  237  248  260  270  274
    37.5-180.0 180.0   5.0 450.0                            LAT/LON1/LON2/DLON/H
  277  276  273  274  281  290  292  282  264  246  236  235  238  239  235  226
  215  201  186  170  158  154  158  165  170  166  155  140  122  105   91   80
   74   72   73   77   82   88   95  101  106  110  113  118  124  129  130  125
  117  106   96   89   85   83   86   93  106  123  142  159  174  185  194  203
  212  220  225  229  234  244  258  270  277
    35.0-180.0 180.0   5.0 450.0                            LAT/LON1/LON2/DLON/H
  288  286  278  272  274  282  286  282  270  256  249  248  251  251  248  242
  232  219  202  184  170  164  164  165  160  149  134  120  108   99   90   82
   77   74   73   75   78   84   90   97  103  108  113  118  124  128  128  123
  115  105   96   88   83   81   83   91  105  124  145  164  179  192  203  214
  224  232  236  238  241  249  264  280  288
    32.5-180.0 180.0   5.0 450.0                            LAT/LON1/LON2/DLON/H
  316  313  299  285  279  281  285  283  276  267  263  262  264  265  262  258
  250  237  218  195  176  164  156  147  133  116  101   93   92   93   93   89
   85   82   81   81   83   87   93   99  106  112  117  122  126  127  125  119
  110  101   93   85   80   76   78   86  102  123  147  168  187  202  216  229
  241  251  257  258  260  269  286  305  316
    30.0-180.0 180.0   5.0 450.0                            LAT/LON1/LON2/DLON/H
  364  362  344  321  305  297  295  292  287  282  279  279  279  278  275  272
  266  252  229  201  173  152  135  117   96   78   68   72   86   99  106  106
  103  100   98   98   99  101  105  110  116  123  128  132  132  129  123  115
  106   97   89   81   74   69   70   80   98  122  148  173  196  214  230  246
  262  276  285  289  294  305  326  350  364
    27.5-180.0 180.0   5.0 450.0                            LAT/LON1/LON2/DLON/H
  430  431  413  385  358  338  324  314  306  301  299  298  296  292  288  284
  278  262  235  199  163  133  108   85   65   53   57   77  105  127  137  136
  131  127  125  125  124  124  125  129  134  139  144  144  140  132  122  111
  102   94   86   77   68   61   62   73   93  120  150  179  204  226  245  263
  282  302  318  329  340  356  381  410  430
    25.0-180.0 180.0   5.0 450.0                            LAT/LON1/LON2/DLON/H
  505  513  499  471  437  404  374  351  335  327  325  322  317  308  301  295
  287  269  236  194  151  114   87   67   56   61   84  121  159  182  187  179
  168  161  159  157  155  152  151  152  154  158  159  156  148  135  121  109
  100   93   84   73   61   53   54   67   90  120  153  184  213  237  258  278
  302  327  352  373  392  415  445  479  505
    22.5-180.0 180.0   5.0 450.0                            LAT/LON1/LON2/DLON/H
  578  595  592  569  533  488  441  401  373  360  356  352  343  330  318  309
  298  276  241  195  148  111   88   80   88  116  161  211  248  261  251  228
  208  196  192  189  185  181  177  174  174  173  171  164  152  135  120  108
  100   93   84   70   56   47   49   65   91  124  157  191  221  248  270  292
  319  351  385  416  443  472  506  545  578
    20.0-180.0 180.0   5.0 450.0                            LAT/LON1/LON2/DLON/H
  634  662  673  663  631  579  517  459  418  399  393  388  377  359  343  329
  315  292  256  211  166  135  123  134  168  222  284  337  363  353  317  274
  242  225  219  215  210  204  199  193  188  183  176  165  150  133  118  108
  102   95   84   68   52   43   48   67   96  130  165  198  229  258  282  306
  335  372  413  453  487  519  556  596  634
    17.5-180.0 180.0   5.0 450.0                            LAT/LON1/LON2/DLON/H
  664  701  727  735  714  663  591  518  466  441  434  429  416  396  376  360
  344  322  290  251  215  194  199  233  292  366  437  481  481  438  371  307
  264  243  235  231  226  220  214  206  196  185  173  159  143  127  114  107
  103   97   85   67   50   43   51   74  106  141  174  206  238  268  294  319
  350  390  436  480  518  551  585  624  664
    15.0-180.0 180.0   5.0 450.0                            LAT/LON1/LON2/DLON/H
  664  706  747  773  769  726  652  572  513  485  477  473  460  439  418  401
  388  371  347  319  295  289  310  363  441  526  591  613  577  496  399  318
  269  248  242  238  234  230  224  214  199  181  164  147  132  118  110  106
  104   98   85   67   52   47   59   86  120  154  185  215  246  277  306  334
  367  408  454  498  534  564  593  626  664
    12.5-180.0 180.0   5.0 450.0                            LAT/LON1/LON2/DLON/H
  640  681  730  774  789  761  693  615  555  527  520  516  503  484  464  452
  444  436  424  410  400  407  441  504  587  667  713  701  626  510  391  303
  257  243  240  239  236  235  231  220  199  175  152  133  119  109  105  104
  103   97   85   69   57   57   74  103  138  170  197  224  254  287  319  350
  384  424  467  506  537  561  584  609  640
    10.0-180.0 180.0   5.0 450.0                            LAT/LON1/LON2/DLON/H
  602  636  687  742  776  767  715  646  592  566  560  556  543  525  510  505
  506  510  512  511  514  529  566  627  699  759  774  724  615  476  350  269
  236  233  237  239  239  240  238  225  200  169  140  120  108  102  100  100
   99   95   85   73   67   72   92  124  157  186  208  231  260  294  329  364
  400  438  476  508  531  549  565  581  602
     7.5-180.0 180.0   5.0 450.0                            LAT/LON1/LON2/DLON/H
  566  588  632  690  739  750  719  668  625  604  597  589  574  558  549  552
  564  579  593  604  615  631  660  705  752  779  757  675  544  400  286  225
  214  227  239  244  246  249  247  232  202  165  133  111  100   96   96   96
   94   91   85   80   80   91  114  145  176  201  218  237  263  297  335  373
  411  448  480  504  521  534  547  556  566
     5.0-180.0 180.0   5.0 450.0                            LAT/LON1/LON2/DLON/H
  546  553  583  636  692  722  714  683  654  639  629  615  595  579  576  586
  606  630  652  669  680  690  702  720  733  722  669  566  433  305  218  188
  202  231  250  256  258  260  257  240  207  165  130  107   98   95   93   91
   88   86   86   88   95  110  135  165  192  212  225  240  264  297  336  376
  415  451  479  497  510  524  538  545  546
     2.5-180.0 180.0   5.0 450.0                            LAT/LON1/LON2/DLON/H
  549  542  554  596  651  693  705  696  681  670  656  634  607  589  587  602
  626  652  675  691  697  693  683  670  647  604  529  426  311  217  168  172
  209  249  270  274  272  271  266  246  210  167  130  108   99   95   92   87
   83   83   88   97  109  127  151  178  202  218  228  240  262  293  330  370
  411  446  471  487  500  520  542  554  549
