TEC/CODG3400.11I
     1.0            IONOSPHERE MAPS     GNSS                IONEX VERSION / TYPE
ADDNEQ2 V5.1        AIUB                10-DEC-11 20:18     PGM / RUN BY / DATE 
CODE'S GLOBAL IONOSPHERE MAPS FOR DAY 340, 2011             COMMENT             
Global ionosphere maps (GIM) are generated on a daily basis DESCRIPTION         
at CODE using data from about 150 GPS sites of the IGS and  DESCRIPTION         
other institutions. The vertical total electron content     DESCRIPTION         
(VTEC) is modeled in a solar-geomagnetic reference frame    DESCRIPTION         
using a spherical harmonics expansion up to degree and      DESCRIPTION         
order 15. Piece-wise linear functions are used for          DESCRIPTION         
representation in the time domain. The time spacing of      DESCRIPTION         
their vertices is 2 hours, conforming with the epochs of    DESCRIPTION         
the VTEC maps. Instrumental biases, so-called differential  DESCRIPTION         
P1-P2 code biases (DCB), for all GPS satellites and ground  DESCRIPTION         
stations are estimated as constant values for each day,     DESCRIPTION         
simultaneously with the 13 times 256, or 3328 parameters    DESCRIPTION         
used to represent the global VTEC distribution. The DCB     DESCRIPTION         
datum is defined by a zero-mean condition imposed on the    DESCRIPTION         
satellite bias estimates. P1-C1 bias corrections are taken  DESCRIPTION         
into account if needed. To convert line-of-sight TEC into   DESCRIPTION         
vertical TEC, a modified single-layer model mapping         DESCRIPTION         
function approximating the JPL extended slab model mapping  DESCRIPTION         
function is adopted. The mapping function is evaluated at   DESCRIPTION         
geodetic satellite elevation angles. For the computation of DESCRIPTION         
the ionospheric pierce points, a spherical layer with a     DESCRIPTION         
radius of 6821 km is assumed, implying geocentric, not      DESCRIPTION         
geodetic IONEX latitudes.                                   DESCRIPTION         
Note: These GIM results correspond to the results for the   DESCRIPTION         
middle day of a 3-day combination analysis solving for 37   DESCRIPTION         
times 256, or 9472 VTEC parameters and one common set of    DESCRIPTION         
satellite and 24-hour receiver DCB constants.               DESCRIPTION         
Contact address: stefan.schaer or code @aiub.unibe.ch       DESCRIPTION         
Web site:        http://www.aiub.unibe.ch/ionosphere/       DESCRIPTION         
Data archive:    ftp://ftp.unibe.ch/aiub/CODE/              DESCRIPTION         
                 http://www.aiub.unibe.ch/download/CODE/    DESCRIPTION         
  2011    12     6     0     0     0                        EPOCH OF FIRST MAP  
  2011    12     7     0     0     0                        EPOCH OF LAST MAP   
  7200                                                      INTERVAL            
    13                                                      # OF MAPS IN FILE   
  NONE                                                      MAPPING FUNCTION    
    10.0                                                    ELEVATION CUTOFF    
One-way carrier phase leveled to code                       OBSERVABLES USED    
[...]
ctwn daej darw dav1 dgar dgav dhlg drao dubo ebre eprt etad COMMENT             
etdd fair faiv fale flin flrs frdn func ganp glsv gold gope COMMENT             
gras graz guam guat guug harb hers hert hnpt hob2 hofn holb COMMENT             
holm hrao iddr ieng iisc ineg invk iqal irkj irkt isba ispa COMMENT             
joz2 joze jplv karr kely kerg khaj khar kir0 kiru kokb kokv COMMENT             
kouc kour lama lck2 lcki lhaz lmmf lpal lpgs m0se mac1 madr COMMENT             
mag0 mal2 mana mas1 mat1 mate maui maw1 mccj mcil mdo1 mdvj COMMENT             
medi mets metz mizu mkea mnls mobj mobk mobs monp morp mqzg COMMENT             
mtka nano nico nist nklg nlib not1 novm nrc1 nril nrmd ntus COMMENT             
nurk nya1 ohi2 ohi3 onsa opmt pado palv park pbr2 pbri pdel COMMENT             
penc pert pfa2 pie1 pimo pol2 pots prds ptag ptbb qaq1 quin COMMENT             
rabt ramo rbay reso reun reyk rio2 rosa roth salu savo sch2 COMMENT             
scor sele sfer shao smst sofi spt0 sthl stjo suth sutv suwn COMMENT             
sydn syog tabv tah1 tah2 thti thu2 thu3 tid1 tidb tixg tixi COMMENT             
tlse tn22 tow2 tro1 tsea tskb twtf txes uclu ufpr ulab unb3 COMMENT             
unbj unbn unbt unsa urum urus usn3 usno usud vaco vald vesl COMMENT             
vill vtsp wab1 wab2 wes2 wgtn whit will wind wsrt wtza wtzr COMMENT             
wtzs wtzz wuhn xmis yakt yar2 yar3 yarr ycba yell yssk zeck COMMENT             
zim2 zimm zwe2                                              COMMENT             
                                                            END OF HEADER       
[from data line 429]
     2                                                      START OF TEC MAP    
  2011    12     6     2     0     0                        EPOCH OF CURRENT MAP
    87.5-180.0 180.0   5.0 450.0                            LAT/LON1/LON2/DLON/H
   61   60   60   59   59   58   58   58   57   57   57   57   56   56   56   56
   56   56   56   56   56   56   56   56   56   57   57   57   58   58   59   59
   60   61   62   62   63   64   65   66   66   67   68   68   69   69   69   70
   70   70   70   70   69   69   69   68   68   68   67   67   66   66   66   65
   65   64   64   63   63   62   62   61   61
    85.0-180.0 180.0   5.0 450.0                            LAT/LON1/LON2/DLON/H
   60   59   58   57   56   55   55   54   53   53   53   53   53   53   53   53
   53   53   53   52   52   52   52   51   51   51   51   51   51   52   53   54
   55   57   59   60   63   65   67   69   71   72   74   75   76   76   77   77
   77   76   75   75   74   73   72   71   70   69   68   68   67   67   66   66
   65   65   64   64   63   62   62   61   60
    82.5-180.0 180.0   5.0 450.0                            LAT/LON1/LON2/DLON/H
   63   61   59   58   56   54   53   52   51   51   51   51   52   52   53   54
   54   54   54   54   53   52   51   49   48   46   45   45   44   45   45   47
   49   51   54   58   61   65   69   72   75   78   80   82   83   83   83   82
   81   79   77   75   73   71   69   67   66   65   65   64   65   65   66   66
   67   67   68   68   67   67   66   65   63
    80.0-180.0 180.0   5.0 450.0                            LAT/LON1/LON2/DLON/H
   73   70   67   63   60   57   55   53   52   51   51   52   53   54   56   57
   59   59   59   59   58   56   53   50   48   45   42   40   39   39   39   41
   43   47   51   56   61   66   71   76   80   84   86   88   89   88   87   85
   82   78   74   70   66   63   60   58   57   57   57   58   60   62   65   68
   71   73   75   77   78   78   77   75   73
    77.5-180.0 180.0   5.0 450.0                            LAT/LON1/LON2/DLON/H
   90   86   81   76   70   66   61   58   55   54   54   54   55   57   59   62
   64   65   66   66   64   62   58   54   50   46   42   39   37   36   36   38
   41   46   50   56   62   68   74   79   84   88   90   91   91   90   87   83
   77   72   66   60   55   51   48   46   46   47   49   53   57   62   67   73
   79   84   88   92   94   95   95   93   90
    75.0-180.0 180.0   5.0 450.0                            LAT/LON1/LON2/DLON/H
  114  108  102   94   87   80   73   68   63   60   59   58   58   60   61   64
   66   69   70   71   70   67   64   59   54   49   44   40   38   37   38   40
   43   48   53   58   64   70   75   80   85   88   90   91   89   87   82   76
   69   62   55   48   43   38   36   36   37   40   45   51   58   66   74   83
   91   99  106  112  116  119  119  117  114
    72.5-180.0 180.0   5.0 450.0                            LAT/LON1/LON2/DLON/H
  140  134  126  117  108   98   90   82   76   71   66   63   62   61   61   63
   65   68   71   72   72   71   67   63   57   52   47   43   41   41   42   45
   48   52   57   61   66   70   74   78   82   84   85   85   83   79   74   67
   59   51   43   37   32   29   29   31   35   41   49   58   67   77   87   97
  107  117  126  133  139  143  145  144  140
    70.0-180.0 180.0   5.0 450.0                            LAT/LON1/LON2/DLON/H
  166  159  150  140  129  119  109  100   91   84   77   71   65   61   59   59
   60   63   66   69   71   70   68   64   59   54   49   46   45   46   48   50
   54   57   60   63   65   67   69   72   74   75   76   75   73   69   63   56
   48   40   34   28   26   26   29   35   43   52   63   73   84   95  105  115
  125  135  144  153  160  166  169  169  166
    67.5-180.0 180.0   5.0 450.0                            LAT/LON1/LON2/DLON/H
  187  180  171  160  149  137  126  116  107   98   88   79   70   62   56   53
   53   56   60   64   67   67   66   63   58   53   50   47   47   48   51   54
   56   58   59   60   60   60   60   61   62   63   64   64   62   58   53   46
   39   33   28   25   25   29   36   47   59   72   85   97  108  118  127  135
  143  151  159  168  177  183  188  189  187
    65.0-180.0 180.0   5.0 450.0                            LAT/LON1/LON2/DLON/H
  202  196  187  175  163  151  140  130  120  110   99   87   75   64   55   49
   48   49   54   58   62   63   63   59   55   51   47   45   46   47   49   52
   53   54   53   52   51   49   49   49   50   52   53   53   52   49   45   40
   34   29   26   26   30   38   50   64   80   96  112  125  135  144  150  155
  159  165  171  179  187  195  201  204  202
    62.5-180.0 180.0   5.0 450.0                            LAT/LON1/LON2/DLON/H
  213  208  198  186  172  159  148  138  128  118  106   94   80   67   56   49
   46   47   51   55   59   60   59   55   50   46   42   41   41   42   43   45
   45   45   43   41   39   38   38   39   40   43   45   46   46   45   41   37
   32   29   28   31   38   50   65   84  103  121  138  152  162  168  172  174
  175  177  180  186  194  203  210  214  213
    60.0-180.0 180.0   5.0 450.0                            LAT/LON1/LON2/DLON/H
  223  218  208  194  179  164  151  140  130  120  109   97   84   72   61   53
   50   50   53   56   58   58   56   51   45   40   37   35   34   34   34   34
   34   33   31   30   29   29   31   33   36   40   43   45   46   45   42   38
   35   33   33   38   48   62   80  101  122  142  160  174  184  190  192  191
  190  189  190  194  201  209  218  223  223
    57.5-180.0 180.0   5.0 450.0                            LAT/LON1/LON2/DLON/H
  235  231  219  204  187  169  154  140  128  118  108   98   87   77   68   61
   58   57   58   60   60   58   53   47   41   36   32   30   28   27   26   24
   23   22   21   22   24   26   30   35   39   44   47   49   50   49   47   43
   40   39   40   47   58   73   92  114  135  156  174  188  199  206  208  208
  205  202  201  203  210  218  227  234  235
    55.0-180.0 180.0   5.0 450.0                            LAT/LON1/LON2/DLON/H
  251  246  236  219  200  179  159  141  126  113  103   95   88   81   75   70
   67   66   65   64   62   57   51   44   38   33   31   28   26   24   21   18
   16   16   18   21   26   32   38   43   49   53   56   58   58   57   54   51
   48   47   49   56   68   83  102  122  143  162  180  195  208  216  221  223
  221  218  216  217  222  230  240  248  251
    52.5-180.0 180.0   5.0 450.0                            LAT/LON1/LON2/DLON/H
  266  264  255  239  219  196  172  148  127  110   99   91   87   84   81   78
   75   73   70   67   62   56   48   42   37   35   33   32   30   26   21   18
   16   18   23   29   37   44   51   57   62   65   67   68   67   66   63   60
   57   56   59   67   79   94  111  129  147  165  181  197  211  223  232  237
  237  235  232  232  235  243  253  262  266
    50.0-180.0 180.0   5.0 450.0                            LAT/LON1/LON2/DLON/H
  278  279  273  260  242  219  191  162  134  112   97   89   86   85   83   81
   78   75   72   67   61   55   48   43   40   40   41   41   39   34   29   25
   24   28   35   44   53   61   68   73   77   78   78   78   77   75   73   69
   66   66   70   79   92  107  122  137  152  166  181  197  213  228  240  249
  252  251  248  245  247  253  263  272  278
    47.5-180.0 180.0   5.0 450.0                            LAT/LON1/LON2/DLON/H
  281  284  283  276  262  242  214  181  148  121  101   91   87   85   84   81
   78   74   71   66   61   56   51   48   47   49   52   53   51   46   40   36
   36   42   51   62   71   79   84   88   89   89   88   87   86   84   82   79
   76   76   82   93  108  123  137  149  160  171  184  199  215  232  247  258
  263  263  259  254  253  257  265  274  281
    45.0-180.0 180.0   5.0 450.0                            LAT/LON1/LON2/DLON/H
  271  276  279  278  272  258  233  201  166  134  111   97   90   87   83   79
   75   71   69   67   65   62   59   58   59   62   65   67   65   60   53   49
   50   57   68   79   87   93   96   97   97   96   94   94   93   93   91   87
   85   87   95  108  126  142  156  165  173  181  191  204  219  236  252  264
  270  269  264  257  252  253  258  264  271
    42.5-180.0 180.0   5.0 450.0                            LAT/LON1/LON2/DLON/H
  251  255  260  265  266  260  242  214  181  149  124  108   98   91   84   77
   73   72   73   74   76   76   75   75   75   77   79   79   77   71   64   60
   62   69   80   91   98  101  103  102  102  100   99   99  100  100   98   95
   93   96  106  124  144  163  177  185  189  194  201  212  226  241  256  267
  273  272  264  255  247  244  245  248  251
    40.0-180.0 180.0   5.0 450.0                            LAT/LON1/LON2/DLON/H
  231  229  232  238  245  246  237  216  188  160  137  120  108   97   88   80
   77   78   83   89   94   97   98   96   94   92   90   89   85   80   73   68
   69   77   87   96  102  104  104  104  104  103  104  104  106  107  105  102
   99  102  115  137  161  183  197  204  207  210  215  223  234  247  260  270
  275  273  266  255  245  239  236  233  231
    37.5-180.0 180.0   5.0 450.0                            LAT/LON1/LON2/DLON/H
  225  215  209  210  216  221  218  205  186  164  145  130  118  106   95   88
   87   92  101  111  118  122  122  119  112  105   99   95   91   86   79   74
   74   80   90   97  101  101  102  103  105  107  108  110  112  113  111  106
  103  107  122  147  175  200  215  222  224  225  229  236  245  255  266  275
  281  281  275  265  256  249  243  235  225
    35.0-180.0 180.0   5.0 450.0                            LAT/LON1/LON2/DLON/H
  251  229  210  199  197  197  195  188  175  160  147  136  125  115  106  101
  103  112  123  133  140  143  142  136  126  114  105  100   97   94   87   81
   79   84   91   97   98   98   99  102  107  111  113  115  116  117  114  108
  105  109  126  153  185  212  230  238  240  240  243  249  256  266  277  288
  297  301  299  295  290  286  281  269  251
    32.5-180.0 180.0   5.0 450.0                            LAT/LON1/LON2/DLON/H
  322  288  253  224  205  193  184  175  165  154  144  136  129  121  116  115
  121  132  142  149  152  153  151  145  134  120  110  106  107  107  102   94
   90   91   95   98   98   97   98  104  110  115  117  117  118  118  114  109
  105  111  129  159  193  222  242  251  255  256  258  264  271  282  296  312
  327  339  345  349  353  356  356  345  322
    30.0-180.0 180.0   5.0 450.0                            LAT/LON1/LON2/DLON/H
  441  399  349  300  259  227  203  183  167  154  143  135  130  126  124  127
  135  144  151  151  149  146  146  143  134  123  116  118  125  129  126  117
  109  106  106  106  103   99  100  106  113  117  118  117  116  115  112  108
  106  113  133  165  201  233  255  267  272  275  278  283  292  306  326  349
  374  396  413  428  443  459  469  465  441
    27.5-180.0 180.0   5.0 450.0                            LAT/LON1/LON2/DLON/H
  600  557  496  429  366  310  264  227  196  170  151  139  132  129  129  133
  140  146  145  137  127  123  126  131  132  128  129  138  153  163  161  150
  138  130  125  120  112  106  104  108  114  116  114  111  110  109  108  106
  108  118  141  175  213  247  272  288  297  302  305  311  322  341  367  400
  435  469  497  524  552  582  608  617  600
    25.0-180.0 180.0   5.0 450.0                            LAT/LON1/LON2/DLON/H
  776  740  678  601  521  444  374  312  259  214  178  154  141  135  134  135
  136  135  125  109   94   91  102  119  131  139  149  168  190  205  204  190
  173  160  150  139  126  115  109  109  111  110  106  102  100  101  103  105
  111  126  153  190  230  267  296  318  331  338  342  349  362  385  419  461
  507  550  588  624  663  709  752  779  776
    22.5-180.0 180.0   5.0 450.0                            LAT/LON1/LON2/DLON/H
  939  918  865  790  703  613  523  438  358  287  229  188  164  150  141  134
  127  117  100   79   63   64   85  116  142  161  180  206  233  250  248  230
  208  191  176  160  141  124  112  108  105  101   95   90   89   92   97  104
  116  137  169  209  252  292  327  355  374  384  389  396  411  438  478  527
  579  628  671  712  759  816  876  922  939
    20.0-180.0 180.0   5.0 450.0                            LAT/LON1/LON2/DLON/H
 1056 1057 1023  963  883  791  691  588  484  387  305  245  205  179  159  139
  121  104   83   62   51   60   92  134  171  197  221  248  276  291  285  263
  238  217  198  178  154  131  115  105   98   91   84   79   79   85   93  104
  121  148  186  231  278  322  362  396  421  436  442  450  466  495  538  590
  644  694  736  775  823  885  956 1019 1056
    17.5-180.0 180.0   5.0 450.0                            LAT/LON1/LON2/DLON/H
 1103 1127 1119 1085 1026  947  850  739  620  502  399  321  266  226  191  156
  127  106   89   76   74   94  134  182  222  248  268  291  313  322  309  283
  255  232  212  190  163  138  117  104   94   84   76   72   74   80   90  104
  126  159  203  253  304  352  397  437  468  486  495  503  520  550  593  643
  694  739  774  806  846  904  978 1050 1103
    15.0-180.0 180.0   5.0 450.0                            LAT/LON1/LON2/DLON/H
 1074 1116 1135 1132 1105 1052  971  865  742  615  500  410  344  291  240  191
  154  134  128  130  143  172  215  261  293  309  317  328  338  336  316  285
  256  235  217  196  170  144  123  107   95   84   76   72   74   80   90  105
  130  167  217  272  325  376  425  470  506  528  540  550  568  598  637  682
  725  760  784  803  829  875  941 1012 1074
    12.5-180.0 180.0   5.0 450.0                            LAT/LON1/LON2/DLON/H
  978 1028 1069 1098 1106 1086 1031  944  831  707  593  501  430  368  305  245
  204  192  203  226  254  289  328  360  375  371  361  355  349  334  306  272
  245  227  214  196  174  152  133  118  105   93   84   80   81   85   93  106
  132  173  226  285  341  392  442  489  529  555  571  584  603  632  667  704
  736  760  771  775  783  811  859  919  978
    10.0-180.0 180.0   5.0 450.0                            LAT/LON1/LON2/DLON/H
  842  891  943  996 1036 1050 1026  965  873  767  665  581  513  449  379  314
  275  275  307  351  393  428  454  464  453  425  393  368  347  319  283  249
  225  214  207  196  181  164  150  137  124  112  101   95   93   94   98  110
  135  176  232  293  349  399  447  494  535  564  583  600  623  651  682  710
  732  745  745  735  727  732  757  796  842
     7.5-180.0 180.0   5.0 450.0                            LAT/LON1/LON2/DLON/H
  702  739  793  858  920  960  966  934  870  789  709  642  585  524  454  390
  356  370  421  483  533  561  568  551  512  459  409  368  334  298  258  225
  206  202  202  199  191  182  173  163  150  137  124  115  109  106  107  116
  140  182  238  298  352  398  441  485  524  556  579  600  626  655  682  703
  718  724  718  700  678  664  664  678  702
     5.0-180.0 180.0   5.0 450.0                            LAT/LON1/LON2/DLON/H
  597  616  659  724  794  849  875  867  832  780  726  680  637  585  520  461
  435  461  525  595  644  660  644  601  537  467  405  358  319  279  239  209
  196  198  204  207  205  202  199  191  179  164  149  136  126  120  120  128
  151  191  245  302  352  392  429  466  503  535  561  588  617  648  673  690
  701  706  700  681  653  626  606  596  597
     2.5-180.0 180.0   5.0 450.0                            LAT/LON1/LON2/DLON/H
  551  551  579  632  696  751  785  793  780  753  723  697  668  626  570  517
  499  529  595  663  703  702  664  601  523  447  386  343  307  270  233  208
  200  206  216  221  223  224  223  217  205  189  171  156  143  136  136  146
  169  207  258  310  353  386  414  445  478  509  537  567  601  633  658  675
  686  695  696  683  658  628  597  570  551
