TEC/CODG3400.11I
     1.0            IONOSPHERE MAPS     GNSS                IONEX VERSION / TYPE
ADDNEQ2 V5.1        AIUB                10-DEC-11 20:18     PGM / RUN BY / DATE 
CODE'S GLOBAL IONOSPHERE MAPS FOR DAY 340, 2011             COMMENT             
Global ionosphere maps (GIM) are generated on a daily basis DESCRIPTION         
at CODE using data from about 150 GPS sites of the IGS and  DESCRIPTION         
other institutions. The vertical total electron content     DESCRIPTION         
(VTEC) is modeled in a solar-geomagnetic reference frame    DESCRIPTION         
using a spherical harmonics expansion up to degree and      DESCRIPTION         
order 15. Piece-wise linear functions are used for          DESCRIPTION         
representation in the time domain. The time spacing of      DESCRIPTION         
their vertices is 2 hours, conforming with the epochs of    DESCRIPTION         
the VTEC maps. Instrumental biases, so-called differential  DESCRIPTION         
P1-P2 code biases (DCB), for all GPS satellites and ground  DESCRIPTION         
stations are estimated as constant values for each day,     DESCRIPTION         
simultaneously with the 13 times 256, or 3328 parameters    DESCRIPTION         
used to represent the global VTEC distribution. The DCB     DESCRIPTION         
datum is defined by a zero-mean condition imposed on the    DESCRIPTION         
satellite bias estimates. P1-C1 bias corrections are taken  DESCRIPTION         
into account if needed. To convert line-of-sight TEC into   DESCRIPTION         
vertical TEC, a modified single-layer model mapping         DESCRIPTION         
function approximating the JPL extended slab model mapping  DESCRIPTION         
function is adopted. The mapping function is evaluated at   DESCRIPTION         
geodetic satellite elevation angles. For the computation of DESCRIPTION         
the ionospheric pierce points, a spherical layer with a     DESCRIPTION         
radius of 6821 km is assumed, implying geocentric, not      DESCRIPTION         
geodetic IONEX latitudes.                                   DESCRIPTION         
Note: These GIM results correspond to the results for the   DESCRIPTION         
middle day of a 3-day combination analysis solving for 37   DESCRIPTION         
times 256, or 9472 VTEC parameters and one common set of    DESCRIPTION         
satellite and 24-hour receiver DCB constants.               DESCRIPTION         
Contact address: stefan.schaer or code @aiub.unibe.ch       DESCRIPTION         
Web site:        http://www.aiub.unibe.ch/ionosphere/       DESCRIPTION         
Data archive:    ftp://ftp.unibe.ch/aiub/CODE/              DESCRIPTION         
                 http://www.aiub.unibe.ch/download/CODE/    DESCRIPTION         
  2011    12     6     0     0     0                        EPOCH OF FIRST MAP  
  2011    12     7     0     0     0                        EPOCH OF LAST MAP   
  7200                                                      INTERVAL            
    13                                                      # OF MAPS IN FILE   
  NONE                                                      MAPPING FUNCTION    
    10.0                                                    ELEVATION CUTOFF    
One-way carrier phase leveled to code                       OBSERVABLES USED    
[...]
ctwn daej darw dav1 dgar dgav dhlg drao dubo ebre eprt etad COMMENT             
etdd fair faiv fale flin flrs frdn func ganp glsv gold gope COMMENT             
gras graz guam guat guug harb hers hert hnpt hob2 hofn holb COMMENT             
holm hrao iddr ieng iisc ineg invk iqal irkj irkt isba ispa COMMENT             
joz2 joze jplv karr kely kerg khaj khar kir0 kiru kokb kokv COMMENT             
kouc kour lama lck2 lcki lhaz lmmf lpal lpgs m0se mac1 madr COMMENT             
mag0 mal2 mana mas1 mat1 mate maui maw1 mccj mcil mdo1 mdvj COMMENT             
medi mets metz mizu mkea mnls mobj mobk mobs monp morp mqzg COMMENT             
mtka nano nico nist nklg nlib not1 novm nrc1 nril nrmd ntus COMMENT             
nurk nya1 ohi2 ohi3 onsa opmt pado palv park pbr2 pbri pdel COMMENT             
penc pert pfa2 pie1 pimo pol2 pots prds ptag ptbb qaq1 quin COMMENT             
rabt ramo rbay reso reun reyk rio2 rosa roth salu savo sch2 COMMENT             
scor sele sfer shao smst sofi spt0 sthl stjo suth sutv suwn COMMENT             
sydn syog tabv tah1 tah2 thti thu2 thu3 tid1 tidb tixg tixi COMMENT             
tlse tn22 tow2 tro1 tsea tskb twtf txes uclu ufpr ulab unb3 COMMENT             
unbj unbn unbt unsa urum urus usn3 usno usud vaco vald vesl COMMENT             
vill vtsp wab1 wab2 wes2 wgtn whit will wind wsrt wtza wtzr COMMENT             
wtzs wtzz wuhn xmis yakt yar2 yar3 yarr ycba yell yssk zeck COMMENT             
zim2 zimm zwe2                                              COMMENT             
                                                            END OF HEADER       
[from data line 4719]
    12                                                      START OF TEC MAP    
  2011    12     6    22     0     0                        EPOCH OF CURRENT MAP
    87.5-180.0 180.0   5.0 450.0                            LAT/LON1/LON2/DLON/H
   72   73   74   75   77   78   80   81   82   84   85   86   87   88   89   89
   90   90   90   90   89   89   88   87   86   85   84   83   81   80   78   77
   75   74   72   71   69   68   67   65   64   63   63   62   61   61   60   60
   60   60   60   60   61   61   61   61   62   62   62   63   63   64   64   65
   65   66   66   67   68   68   69   70   72
    85.0-180.0 180.0   5.0 450.0                            LAT/LON1/LON2/DLON/H
   61   63   66   69   72   76   79   83   87   90   93   96   99  101  103  104
  105  105  104  104  103  101   99   97   95   93   90   87   85   82   79   76
   72   69   66   63   60   57   55   52   50   48   47   46   45   45   45   45
   46   46   48   49   50   51   52   53   54   55   55   56   56   56   56   56
   55   55   55   55   56   56   57   59   61
    82.5-180.0 180.0   5.0 450.0                            LAT/LON1/LON2/DLON/H
   46   49   53   58   63   70   76   83   90   96  102  107  112  115  117  118
  118  117  115  113  110  107  104  101   97   94   91   87   84   80   77   73
   69   65   60   56   52   47   43   39   36   33   31   30   29   29   29   31
   33   35   38   41   44   47   49   51   53   54   54   54   53   52   51   49
   47   45   44   42   41   41   42   43   46
    80.0-180.0 180.0   5.0 450.0                            LAT/LON1/LON2/DLON/H
   32   36   42   49   57   66   76   87   97  107  115  122  127  131  132  131
  129  125  120  115  110  105  100   96   92   88   85   83   80   77   74   71
   67   63   58   53   48   42   37   32   27   23   19   17   16   16   18   20
   24   28   32   37   42   46   50   53   55   56   57   56   54   51   48   45
   41   38   34   32   30   28   28   30   32
    77.5-180.0 180.0   5.0 450.0                            LAT/LON1/LON2/DLON/H
   28   33   40   48   59   71   84   98  111  124  134  143  148  150  149  144
  137  129  120  110  102   94   88   83   80   77   76   75   74   73   71   69
   67   63   59   54   49   43   37   30   24   19   14   11   10   10   11   15
   19   25   31   37   44   49   54   57   60   60   60   58   55   52   48   43
   38   34   30   27   24   23   23   25   28
    75.0-180.0 180.0   5.0 450.0                            LAT/LON1/LON2/DLON/H
   37   43   51   61   73   87  102  118  134  149  161  170  174  174  168  158
  145  131  115  101   88   79   72   67   65   65   65   66   67   68   68   68
   67   65   62   58   53   48   41   34   27   21   16   12    9    9   11   14
   19   26   33   40   46   52   57   60   62   62   61   59   55   51   46   42
   38   34   31   29   28   28   29   32   37
    72.5-180.0 180.0   5.0 450.0                            LAT/LON1/LON2/DLON/H
   59   67   76   87   99  113  130  147  165  181  194  202  205  201  190  174
  154  132  110   91   75   64   57   53   53   54   56   59   61   62   63   64
   64   64   62   60   57   52   46   40   33   26   21   16   13   13   14   17
   22   28   35   42   48   53   57   60   61   60   58   55   51   47   44   40
   38   36   36   37   39   43   47   53   59
    70.0-180.0 180.0   5.0 450.0                            LAT/LON1/LON2/DLON/H
   91  101  111  122  134  147  163  180  197  214  228  236  237  230  215  192
  165  137  109   85   67   55   48   46   46   49   51   53   54   55   55   55
   56   56   56   56   54   52   48   43   37   31   26   22   19   18   19   22
   26   31   37   42   47   51   54   55   55   53   51   48   45   42   40   38
   39   40   44   49   55   63   72   82   91
    67.5-180.0 180.0   5.0 450.0                            LAT/LON1/LON2/DLON/H
  126  139  150  160  171  182  195  210  227  243  257  265  266  257  238  212
  180  146  114   88   68   55   49   48   48   50   50   50   48   45   43   42
   41   42   43   45   45   45   43   41   37   33   29   26   24   23   23   25
   28   31   35   39   42   45   46   47   46   45   42   40   38   36   36   37
   39   44   51   60   72   85   98  113  126
    65.0-180.0 180.0   5.0 450.0                            LAT/LON1/LON2/DLON/H
  156  171  184  194  203  211  221  234  248  264  278  287  288  279  260  232
  197  161  128   99   79   66   60   58   57   56   53   48   41   35   30   26
   25   25   27   29   31   33   34   34   33   31   29   28   26   26   25   26
   27   29   31   33   35   36   37   38   37   37   35   34   33   33   34   37
   41   48   57   69   84  101  119  138  156
    62.5-180.0 180.0   5.0 450.0                            LAT/LON1/LON2/DLON/H
  175  193  208  218  226  232  238  247  259  273  287  297  300  294  277  250
  217  182  148  120  100   86   79   74   70   65   57   47   36   26   19   13
   11   10   12   14   17   20   22   25   26   27   28   28   27   27   26   25
   25   25   25   25   26   27   29   30   32   32   33   33   33   34   36   40
   45   52   62   75   91  110  131  154  175
    60.0-180.0 180.0   5.0 450.0                            LAT/LON1/LON2/DLON/H
  183  203  220  231  238  242  246  252  261  273  286  297  303  300  287  265
  237  205  173  146  126  110  100   91   83   72   60   47   34   23   15    9
    6    5    5    6    8   11   14   18   22   25   28   29   29   28   27   25
   23   21   19   19   20   22   25   28   31   34   36   38   39   41   44   47
   52   58   66   78   94  113  135  159  183
    57.5-180.0 180.0   5.0 450.0                            LAT/LON1/LON2/DLON/H
  183  204  222  234  242  246  248  251  257  266  278  289  297  298  291  276
  254  227  200  174  152  134  119  105   92   78   63   50   38   28   22   18
   15   13   11   10   10   11   14   19   24   29   32   34   34   33   30   27
   24   21   18   17   19   22   26   31   37   41   45   48   50   52   54   57
   61   66   73   83   96  114  135  159  183
    55.0-180.0 180.0   5.0 450.0                            LAT/LON1/LON2/DLON/H
  181  202  220  233  242  247  249  251  254  260  268  278  286  291  290  281
  266  246  223  198  174  152  132  114   97   81   67   56   47   42   40   38
   36   33   29   25   22   21   24   28   34   39   42   44   43   41   38   34
   30   26   23   23   24   28   34   41   48   54   58   61   63   64   67   70
   73   78   84   92  103  118  137  158  181
    52.5-180.0 180.0   5.0 450.0                            LAT/LON1/LON2/DLON/H
  183  202  219  234  244  251  254  255  256  258  262  268  275  281  284  281
  273  259  240  216  191  165  141  119  100   85   73   66   63   63   64   65
   63   58   52   45   40   38   40   45   50   55   58   58   57   54   50   46
   41   37   35   35   37   41   48   55   63   68   72   74   75   75   78   81
   86   92   98  106  117  130  146  164  183
    50.0-180.0 180.0   5.0 450.0                            LAT/LON1/LON2/DLON/H
  194  209  224  239  251  260  266  267  266  264  263  264  267  272  276  277
  275  266  250  228  201  173  146  123  105   92   84   81   82   85   88   89
   86   80   72   64   59   57   59   64   70   74   75   75   72   68   65   61
   57   54   52   52   54   59   65   72   78   82   84   84   83   83   85   90
   97  106  116  126  137  150  164  178  194
    47.5-180.0 180.0   5.0 450.0                            LAT/LON1/LON2/DLON/H
  212  224  236  249  262  274  282  285  282  277  271  266  264  266  269  272
  273  268  255  234  208  179  153  132  116  106  100   99  100  101  102  101
   96   89   82   75   71   72   76   81   87   90   91   89   86   83   79   77
   74   72   71   71   73   77   81   86   91   93   93   91   88   86   89   96
  107  120  134  148  162  175  188  200  212
    45.0-180.0 180.0   5.0 450.0                            LAT/LON1/LON2/DLON/H
  233  242  251  263  276  289  299  303  300  292  282  273  267  264  264  267
  270  267  257  238  214  188  164  146  134  125  119  115  111  107  102   96
   90   83   77   74   75   79   85   92   97  100  100   98   95   93   92   90
   89   88   87   88   89   92   95   98  100  101   99   94   89   87   91  100
  114  132  150  169  186  201  214  224  233
    42.5-180.0 180.0   5.0 450.0                            LAT/LON1/LON2/DLON/H
  252  258  265  276  288  302  312  316  313  305  293  282  273  266  264  265
  268  267  259  244  222  200  182  167  157  147  137  125  112  100   88   78
   69   64   63   65   72   80   88   95  100  102  102  101  100   99   99   99
   99   99   99   99  100  102  103  105  106  105  102   96   90   88   92  104
  121  142  163  185  204  221  235  245  252
    40.0-180.0 180.0   5.0 450.0                            LAT/LON1/LON2/DLON/H
  262  268  275  283  295  307  317  321  318  310  300  290  280  272  267  266
  269  269  264  252  234  217  202  191  180  166  149  128  106   86   69   56
   49   47   51   59   70   81   89   95   97   98   99   99  100  101  102  103
  103  103  103  104  105  106  107  108  108  108  104   98   92   91   97  110
  129  151  173  195  215  232  245  255  262
    37.5-180.0 180.0   5.0 450.0                            LAT/LON1/LON2/DLON/H
  263  270  277  285  295  305  313  315  312  306  300  294  287  279  273  271
  273  275  272  262  248  234  222  212  198  178  153  125   98   75   58   49
   46   49   57   69   81   90   95   96   95   94   96   98   99  101  102  102
  102  102  102  103  104  105  106  108  109  110  107  102   97   97  106  121
  141  162  182  201  218  233  246  255  263
    35.0-180.0 180.0   5.0 450.0                            LAT/LON1/LON2/DLON/H
  257  267  276  284  291  298  303  304  300  296  295  295  293  288  281  278
  280  283  282  273  260  248  236  223  205  180  151  122   98   82   76   76
   80   87   96  105  112  115  111  105   98   96   98  101  103  103  102  100
   99   98   98  100  102  103  105  107  110  112  111  107  104  107  119  138
  158  177  192  206  219  230  240  248  257
    32.5-180.0 180.0   5.0 450.0                            LAT/LON1/LON2/DLON/H
  252  264  275  283  289  294  295  293  288  286  289  295  299  296  290  287
  289  292  291  282  268  254  240  223  201  174  148  128  119  122  134  149
  162  170  172  171  165  155  140  124  112  107  109  113  114  111  106  101
   98   96   96   98  101  103  104  107  111  114  114  112  111  118  135  158
  180  197  208  217  224  230  235  242  252
    30.0-180.0 180.0   5.0 450.0                            LAT/LON1/LON2/DLON/H
  256  270  283  291  295  297  297  292  286  283  289  300  307  306  299  295
  296  299  297  285  269  251  233  213  190  167  152  152  169  201  238  271
  290  292  280  259  235  207  179  153  135  129  132  136  134  126  116  107
  102  100  101  102  105  106  107  109  113  116  116  115  117  129  152  180
  205  222  232  237  239  240  241  245  256
    27.5-180.0 180.0   5.0 450.0                            LAT/LON1/LON2/DLON/H
  277  293  306  313  316  316  314  308  299  295  301  312  321  318  309  302
  301  303  298  283  262  241  220  200  180  169  174  203  253  316  379  427
  447  436  401  354  306  260  218  184  164  158  162  165  160  146  131  119
  113  112  113  114  115  115  114  114  115  117  116  114  119  136  166  201
  231  251  262  267  268  266  264  266  277
    25.0-180.0 180.0   5.0 450.0                            LAT/LON1/LON2/DLON/H
  319  335  348  352  353  352  351  345  333  325  327  336  341  335  321  310
  306  304  296  277  252  229  209  193  183  190  221  280  362  453  536  591
  604  572  508  433  360  298  248  210  190  187  193  196  187  168  147  134
  129  130  132  132  130  127  123  120  118  116  113  111  117  139  177  219
  256  281  296  305  310  309  306  308  319
    22.5-180.0 180.0   5.0 450.0                            LAT/LON1/LON2/DLON/H
  380  396  406  408  405  405  405  400  386  372  368  371  370  358  338  321
  312  306  293  270  245  224  210  203  209  236  292  377  481  588  677  728
  725  669  577  474  383  312  259  223  207  208  217  220  208  185  162  149
  147  151  154  153  148  141  133  127  121  115  109  105  114  141  184  234
  276  308  331  348  360  364  364  367  380
    20.0-180.0 180.0   5.0 450.0                            LAT/LON1/LON2/DLON/H
  452  469  477  474  468  468  471  466  450  430  418  413  406  387  360  337
  323  312  295  271  247  233  231  239  262  308  382  480  589  692  771  806
  783  703  588  468  368  296  248  219  210  216  229  232  219  194  172  161
  164  171  175  172  164  153  142  132  123  114  105  101  112  142  191  245
  293  331  362  390  412  423  429  437  452
    17.5-180.0 180.0   5.0 450.0                            LAT/LON1/LON2/DLON/H
  527  546  552  544  534  534  540  536  517  491  470  459  446  422  390  362
  344  328  308  283  266  263  275  300  339  398  478  570  662  740  793  805
  762  666  539  415  319  256  220  202  200  211  226  230  218  194  173  167
  175  185  190  185  174  161  149  138  126  115  104  101  113  147  198  254
  305  347  386  424  456  477  491  506  527
    15.0-180.0 180.0   5.0 450.0                            LAT/LON1/LON2/DLON/H
  592  616  621  610  598  597  603  600  578  545  518  502  486  461  428  398
  376  357  335  313  303  314  342  381  431  493  562  629  683  721  737  723
  666  566  445  333  253  209  189  181  184  197  212  217  206  185  168  167
  179  192  197  191  178  165  153  142  131  118  108  106  122  157  209  264
  314  359  403  448  488  518  540  564  592
    12.5-180.0 180.0   5.0 450.0                            LAT/LON1/LON2/DLON/H
  641  671  679  667  653  651  658  652  625  587  555  538  524  502  471  443
  421  401  378  360  359  382  423  472  524  576  619  645  649  636  614  578
  519  432  333  249  197  176  171  170  174  184  195  200  190  173  161  163
  178  192  197  190  178  166  157  148  138  126  117  118  136  173  224  276
  323  366  412  461  506  541  570  603  641
    10.0-180.0 180.0   5.0 450.0                            LAT/LON1/LON2/DLON/H
  669  707  721  711  698  696  700  691  659  615  581  566  558  542  519  495
  475  456  435  421  427  459  507  559  603  633  641  617  567  506  452  407
  359  300  238  192  172  174  181  182  180  181  186  187  179  165  157  162
  176  190  194  188  177  168  162  157  148  137  129  133  154  193  241  288
  331  371  415  464  509  546  580  621  669
     7.5-180.0 180.0   5.0 450.0                            LAT/LON1/LON2/DLON/H
  675  724  746  742  733  732  734  720  681  633  599  588  587  582  568  551
  535  519  500  490  500  535  583  627  656  659  627  556  459  362  290  250
  227  207  190  184  196  216  228  224  211  199  193  189  180  169  163  167
  179  191  195  189  181  175  172  169  161  150  143  149  174  213  259  301
  338  375  416  461  502  536  572  619  675
     5.0-180.0 180.0   5.0 450.0                            LAT/LON1/LON2/DLON/H
  665  722  755  761  759  762  763  743  699  647  614  608  616  620  615  605
  595  582  566  558  569  601  641  671  679  653  587  480  353  239  169  146
  156  177  202  234  270  300  309  295  267  239  221  209  199  189  183  184
  192  201  204  200  194  189  188  184  175  163  156  164  191  231  274  313
  346  379  416  455  490  519  553  602  665
     2.5-180.0 180.0   5.0 450.0                            LAT/LON1/LON2/DLON/H
  644  708  751  770  779  788  789  767  719  666  634  633  647  658  659  654
  648  638  626  619  627  650  676  689  676  627  537  412  278  169  116  120
  161  217  274  331  380  411  412  384  341  299  269  250  237  226  217  213
  216  221  225  223  217  212  208  201  189  174  166  175  203  244  286  321
  352  382  417  450  478  500  529  578  644
