TEC/CODG3400.11I
     1.0            IONOSPHERE MAPS     GNSS                IONEX VERSION / TYPE
ADDNEQ2 V5.1        AIUB                10-DEC-11 20:18     PGM / RUN BY / DATE 
CODE'S GLOBAL IONOSPHERE MAPS FOR DAY 340, 2011             COMMENT             
Global ionosphere maps (GIM) are generated on a daily basis DESCRIPTION         
at CODE using data from about 150 GPS sites of the IGS and  DESCRIPTION         
other institutions. The vertical total electron content     DESCRIPTION         
(VTEC) is modeled in a solar-geomagnetic reference frame    DESCRIPTION         
using a spherical harmonics expansion up to degree and      DESCRIPTION         
order 15. Piece-wise linear functions are used for          DESCRIPTION         
representation in the time domain. The time spacing of      DESCRIPTION         
their vertices is 2 hours, conforming with the epochs of    DESCRIPTION         
the VTEC maps. Instrumental biases, so-called differential  DESCRIPTION         
P1-P2 code biases (DCB), for all GPS satellites and ground  DESCRIPTION         
stations are estimated as constant values for each day,     DESCRIPTION         
simultaneously with the 13 times 256, or 3328 parameters    DESCRIPTION         
used to represent the global VTEC distribution. The DCB     DESCRIPTION         
datum is defined by a zero-mean condition imposed on the    DESCRIPTION         
satellite bias estimates. P1-C1 bias corrections are taken  DESCRIPTION         
into account if needed. To convert line-of-sight TEC into   DESCRIPTION         
vertical TEC, a modified single-layer model mapping         DESCRIPTION         
function approximating the JPL extended slab model mapping  DESCRIPTION         
function is adopted. The mapping function is evaluated at   DESCRIPTION         
geodetic satellite elevation angles. For the computation of DESCRIPTION         
the ionospheric pierce points, a spherical layer with a     DESCRIPTION         
radius of 6821 km is assumed, implying geocentric, not      DESCRIPTION         
geodetic IONEX latitudes.                                   DESCRIPTION         
Note: These GIM results correspond to the results for the   DESCRIPTION         
middle day of a 3-day combination analysis solving for 37   DESCRIPTION         
times 256, or 9472 VTEC parameters and one common set of    DESCRIPTION         
satellite and 24-hour receiver DCB constants.               DESCRIPTION         
Contact address: stefan.schaer or code @aiub.unibe.ch       DESCRIPTION         
Web site:        http://www.aiub.unibe.ch/ionosphere/       DESCRIPTION         
Data archive:    ftp://ftp.unibe.ch/aiub/CODE/              DESCRIPTION         
                 http://www.aiub.unibe.ch/download/CODE/    DESCRIPTION         
  2011    12     6     0     0     0                        EPOCH OF FIRST MAP  
  2011    12     7     0     0     0                        EPOCH OF LAST MAP   
  7200                                                      INTERVAL            
    13                                                      # OF MAPS IN FILE   
  NONE                                                      MAPPING FUNCTION    
    10.0                                                    ELEVATION CUTOFF    
One-way carrier phase leveled to code                       OBSERVABLES USED    
[...]
ctwn daej darw dav1 dgar dgav dhlg drao dubo ebre eprt etad COMMENT             
etdd fair faiv fale flin flrs frdn func ganp glsv gold gope COMMENT             
gras graz guam guat guug harb hers hert hnpt hob2 hofn holb COMMENT             
holm hrao iddr ieng iisc ineg invk iqal irkj irkt isba ispa COMMENT             
joz2 joze jplv karr kely kerg khaj khar kir0 kiru kokb kokv COMMENT             
kouc kour lama lck2 lcki lhaz lmmf lpal lpgs m0se mac1 madr COMMENT             
mag0 mal2 mana mas1 mat1 mate maui maw1 mccj mcil mdo1 mdvj COMMENT             
medi mets metz mizu mkea mnls mobj mobk mobs monp morp mqzg COMMENT             
mtka nano nico nist nklg nlib not1 novm nrc1 nril nrmd ntus COMMENT             
nurk nya1 ohi2 ohi3 onsa opmt pado palv park pbr2 pbri pdel COMMENT             
penc pert pfa2 pie1 pimo pol2 pots prds ptag ptbb qaq1 quin COMMENT             
rabt ramo rbay reso reun reyk rio2 rosa roth salu savo sch2 COMMENT             
scor sele sfer shao smst sofi spt0 sthl stjo suth sutv suwn COMMENT             
sydn syog tabv tah1 tah2 thti thu2 thu3 tid1 tidb tixg tixi COMMENT             
tlse tn22 tow2 tro1 tsea tskb twtf txes uclu ufpr ulab unb3 COMMENT             
unbj unbn unbt unsa urum urus usn3 usno usud vaco vald vesl COMMENT             
vill vtsp wab1 wab2 wes2 wgtn whit will wind wsrt wtza wtzr COMMENT             
wtzs wtzz wuhn xmis yakt yar2 yar3 yarr ycba yell yssk zeck COMMENT             
zim2 zimm zwe2                                              COMMENT             
                                                            END OF HEADER       
[from data line 3432]
     9                                                      START OF TEC MAP    
  2011    12     6    16     0     0                        EPOCH OF CURRENT MAP
    87.5-180.0 180.0   5.0 450.0                            LAT/LON1/LON2/DLON/H
   98   99  100  101  102  102  103  103  103  103  103  103  102  101  101  100
   98   97   96   94   92   91   89   87   85   83   81   79   77   75   73   71
   69   68   66   65   64   63   62   62   62   61   61   62   62   62   63   64
   65   66   67   68   70   71   73   74   75   77   78   80   81   83   84   86
   87   89   90   92   93   94   96   97   98
    85.0-180.0 180.0   5.0 450.0                            LAT/LON1/LON2/DLON/H
  100  102  104  106  108  109  111  112  112  113  113  113  113  112  111  109
  108  105  103  100   97   94   90   87   83   79   75   71   68   64   60   57
   53   50   48   45   43   42   40   39   39   39   39   40   41   43   45   47
   49   51   54   56   59   61   63   66   68   70   72   74   76   78   80   81
   83   85   87   89   91   93   96   98  100
    82.5-180.0 180.0   5.0 450.0                            LAT/LON1/LON2/DLON/H
   91   93   96   99  102  104  107  109  110  112  113  113  114  113  113  112
  110  108  106  103   99   96   91   87   82   78   73   68   62   57   53   48
   43   39   35   32   29   27   25   24   23   24   24   26   28   30   33   37
   40   44   48   51   54   57   60   62   64   66   67   69   70   70   71   72
   73   75   76   78   80   82   85   88   91
    80.0-180.0 180.0   5.0 450.0                            LAT/LON1/LON2/DLON/H
   74   77   80   84   87   90   93   96   98  101  102  104  106  107  107  107
  107  107  105  103  101   98   94   90   86   81   76   71   66   60   55   49
   44   39   35   31   27   24   22   20   19   19   20   22   25   28   32   36
   41   46   50   54   58   61   63   65   66   66   66   65   64   63   62   61
   61   61   61   62   64   65   68   71   74
    77.5-180.0 180.0   5.0 450.0                            LAT/LON1/LON2/DLON/H
   55   58   62   65   68   71   74   77   80   83   85   88   91   94   97  100
  102  104  105  106  105  104  103  100   97   93   89   84   79   74   68   62
   57   52   46   42   37   33   30   28   26   26   27   28   31   35   39   44
   49   54   59   63   66   69   70   71   70   69   67   64   61   58   55   52
   50   48   47   47   47   48   50   53   55
    75.0-180.0 180.0   5.0 450.0                            LAT/LON1/LON2/DLON/H
   41   43   46   48   51   53   55   58   60   63   66   71   75   81   86   92
   98  104  108  112  115  117  118  118  116  114  110  106  102   96   91   85
   79   73   67   62   56   52   48   44   42   41   40   41   44   47   51   55
   60   65   69   72   75   76   76   76   74   71   67   63   59   55   50   46
   43   40   38   37   36   36   37   39   41
    72.5-180.0 180.0   5.0 450.0                            LAT/LON1/LON2/DLON/H
   34   36   37   38   39   40   41   42   44   47   50   56   62   70   79   89
   98  108  117  125  132  137  141  142  143  141  139  135  130  125  119  112
  105   98   91   85   79   73   68   63   60   58   56   56   57   59   62   65
   68   71   74   76   77   77   76   74   72   68   65   61   57   53   49   45
   42   39   36   34   33   32   32   33   34
    70.0-180.0 180.0   5.0 450.0                            LAT/LON1/LON2/DLON/H
   34   35   35   35   35   35   34   34   35   37   40   46   55   65   77   90
  104  118  131  143  153  162  168  171  173  172  170  166  160  154  146  138
  129  121  112  105   97   90   84   79   75   72   69   68   67   68   68   69
   70   71   71   70   69   68   66   63   61   59   57   55   53   52   50   48
   46   44   42   39   37   36   35   34   34
    67.5-180.0 180.0   5.0 450.0                            LAT/LON1/LON2/DLON/H
   39   38   38   38   37   35   34   32   32   33   37   44   53   66   81   97
  115  132  148  164  177  187  195  200  202  201  198  194  187  179  169  159
  148  137  127  117  108  101   94   88   83   79   76   74   72   70   68   67
   64   62   59   55   51   48   45   44   43   43   43   45   47   49   51   52
   53   52   51   48   46   43   41   39   39
    65.0-180.0 180.0   5.0 450.0                            LAT/LON1/LON2/DLON/H
   43   42   42   41   41   39   37   35   35   36   40   47   58   72   89  107
  127  147  166  183  198  210  219  224  226  225  221  216  208  198  187  174
  161  147  134  123  112  103   95   89   84   80   76   73   70   67   63   59
   53   47   41   34   28   23   20   19   20   23   27   33   39   46   52   56
   59   60   59   57   54   50   47   44   43
    62.5-180.0 180.0   5.0 450.0                            LAT/LON1/LON2/DLON/H
   44   43   43   43   43   42   41   40   39   40   45   53   65   81   99  119
  140  160  180  198  214  226  235  240  242  240  237  231  223  213  200  186
  170  154  138  124  111  101   92   86   80   76   73   69   66   62   57   50
   42   33   24   15    7    1    0    0    0    6   13   22   32   42   51   58
   63   66   65   62   58   53   49   46   44
    60.0-180.0 180.0   5.0 450.0                            LAT/LON1/LON2/DLON/H
   41   40   41   41   42   43   42   42   42   45   51   60   73   90  109  130
  150  171  190  207  223  235  243  248  249  248  245  241  234  224  212  197
  180  162  144  127  112   99   89   82   76   72   69   66   63   58   53   46
   37   26   15    5    0    0    0    0    0    0    7   18   29   40   50   59
   65   67   67   64   58   53   47   43   41
    57.5-180.0 180.0   5.0 450.0                            LAT/LON1/LON2/DLON/H
   36   35   36   37   38   39   40   41   44   48   55   66   81   99  119  139
  158  177  195  211  225  237  244  249  251  251  250  248  243  236  226  212
  194  175  155  135  118  103   91   82   76   72   69   67   64   60   55   48
   40   30   19    8    0    0    0    0    0    4   12   22   32   42   52   59
   65   67   66   62   56   50   44   39   36
    55.0-180.0 180.0   5.0 450.0                            LAT/LON1/LON2/DLON/H
   34   32   32   32   33   34   36   39   43   49   59   72   89  108  128  147
  165  182  198  212  225  235  242  247  250  252  253  255  254  250  242  229
  212  193  171  150  131  114  100   89   82   77   74   72   70   68   64   59
   52   44   35   25   18   12   11   12   16   22   29   37   44   50   56   62
   65   66   65   60   55   48   42   38   34
    52.5-180.0 180.0   5.0 450.0                            LAT/LON1/LON2/DLON/H
   38   35   33   31   30   31   33   36   42   50   62   78   97  118  138  157
  173  187  200  213  225  234  241  246  250  254  259  263  265  264  259  248
  232  213  192  170  149  130  114  101   93   87   84   82   80   79   77   74
   70   64   58   51   45   42   40   42   46   50   54   58   61   63   65   67
   68   68   66   62   57   52   46   42   38
    50.0-180.0 180.0   5.0 450.0                            LAT/LON1/LON2/DLON/H
   50   45   41   36   33   31   33   36   43   54   68   86  107  130  150  168
  182  194  206  217  227  236  243  249  254  260  266  272  276  276  272  262
  247  229  210  190  169  149  131  116  106   99   95   93   91   89   88   87
   86   83   80   76   73   71   70   72   75   78   80   81   80   78   77   76
   75   74   72   69   65   61   57   54   50
    47.5-180.0 180.0   5.0 450.0                            LAT/LON1/LON2/DLON/H
   67   62   56   48   42   38   37   41   49   62   78   98  121  144  165  182
  195  205  215  225  235  243  250  257  263  269  275  280  283  282  276  266
  253  238  221  204  185  165  146  130  118  110  105  101   98   96   95   95
   95   94   93   92   90   89   90   91   94   97   99   98   96   92   88   85
   84   83   81   79   77   76   73   71   67
    45.0-180.0 180.0   5.0 450.0                            LAT/LON1/LON2/DLON/H
   86   82   74   65   56   49   47   51   60   74   92  114  137  161  182  198
  210  220  229  238  247  254  261  268  274  279  283  285  284  279  271  260
  247  235  223  210  195  176  157  140  126  117  110  105  100   97   95   94
   93   93   93   93   92   92   92   94   98  102  106  106  104  101   97   94
   92   92   91   91   90   90   90   89   86
    42.5-180.0 180.0   5.0 450.0                            LAT/LON1/LON2/DLON/H
  101   98   91   82   71   62   60   64   75   91  111  133  156  179  200  216
  227  237  245  254  261  268  274  280  284  287  287  284  278  269  258  245
  234  226  220  213  202  185  166  147  132  121  112  105   98   93   89   86
   84   82   80   80   79   79   79   81   86   93   99  104  104  103  100   99
   98   98   98   99  100  101  102  102  101
    40.0-180.0 180.0   5.0 450.0                            LAT/LON1/LON2/DLON/H
  107  106  101   93   83   74   71   78   91  110  131  153  176  198  218  233
  245  255  264  271  277  281  285  289  292  292  287  278  267  255  242  231
  222  219  220  219  213  198  178  156  139  125  115  106   98   91   86   80
   74   68   64   62   61   59   58   60   65   74   85   93   97   99   99   99
   99  100  101  101  103  104  105  106  107
    37.5-180.0 180.0   5.0 450.0                            LAT/LON1/LON2/DLON/H
  100  102  102   97   88   81   79   88  106  128  150  173  194  215  234  249
  262  273  282  288  291  292  293  294  295  291  283  270  258  246  236  229
  225  227  234  240  237  223  200  175  153  136  124  113  105   98   92   83
   73   63   56   52   50   47   44   44   49   59   71   82   89   92   94   95
   97   98   98   98   99   99   99   99  100
    35.0-180.0 180.0   5.0 450.0                            LAT/LON1/LON2/DLON/H
   85   89   93   92   86   80   81   94  115  142  167  190  210  230  248  263
  277  289  299  303  303  299  295  294  293  287  277  265  256  251  250  250
  253  261  274  284  283  267  239  208  181  160  145  134  127  122  116  106
   93   79   69   63   60   57   51   47   49   57   68   79   85   88   90   92
   93   94   93   92   91   89   86   84   85
    32.5-180.0 180.0   5.0 450.0                            LAT/LON1/LON2/DLON/H
   66   70   77   80   78   74   77   93  120  151  179  203  223  241  259  276
  291  305  314  316  311  301  294  290  287  282  274  267  269  278  292  304
  315  328  343  355  353  333  298  260  226  201  183  172  167  166  163  154
  138  122  110  104  102   97   89   80   75   78   85   91   93   93   92   92
   92   92   90   88   86   81   73   67   66
    30.0-180.0 180.0   5.0 450.0                            LAT/LON1/LON2/DLON/H
   50   53   61   66   66   64   69   88  120  155  187  212  232  251  270  288
  305  319  327  326  316  301  290  284  283  280  278  282  300  330  363  389
  407  422  438  448  443  416  374  328  288  258  238  227  225  228  229  222
  207  190  178  174  173  168  156  141  129  123  121  119  115  108  103  101
   99   97   94   92   88   80   68   56   50
    27.5-180.0 180.0   5.0 450.0                            LAT/LON1/LON2/DLON/H
   44   43   49   55   55   54   61   82  117  157  192  219  241  260  280  300
  318  332  338  333  318  300  286  281  282  285  292  312  351  404  457  496
  519  533  545  551  540  507  458  406  361  326  304  293  293  300  305  302
  289  273  264  262  263  258  243  221  200  184  173  162  149  136  126  119
  115  112  109  106  101   91   74   55   44
    25.0-180.0 180.0   5.0 450.0                            LAT/LON1/LON2/DLON/H
   49   43   45   50   50   48   55   78  115  158  196  226  249  271  292  313
  331  344  347  338  320  299  285  283  289  301  319  356  416  491  562  610
  633  642  647  646  629  591  538  483  435  398  373  361  362  370  378  377
  366  354  347  350  353  348  329  301  272  248  229  210  190  171  157  147
  141  136  132  130  125  113   92   68   49
    22.5-180.0 180.0   5.0 450.0                            LAT/LON1/LON2/DLON/H
   65   52   50   51   50   49   56   79  117  161  202  233  259  283  307  328
  345  355  354  342  321  300  289  292  306  327  358  410  487  579  660  710
  728  727  723  715  694  654  601  547  501  464  437  421  419  425  432  431
  422  412  409  414  419  414  393  362  328  299  275  253  230  208  192  181
  173  167  162  160  156  143  119   90   65
    20.0-180.0 180.0   5.0 450.0                            LAT/LON1/LON2/DLON/H
   86   68   61   59   57   56   64   87  125  170  211  244  272  298  323  345
  360  365  360  344  323  305  299  310  333  363  405  468  557  656  738  781
  788  775  761  747  724  687  640  592  551  515  486  464  454  453  454  450
  441  434  434  440  445  439  418  386  352  323  300  280  260  240  225  213
  204  197  192  190  185  172  148  115   86
    17.5-180.0 180.0   5.0 450.0                            LAT/LON1/LON2/DLON/H
  106   85   74   69   67   68   78  103  140  183  225  259  289  316  342  363
  375  375  365  347  328  315  317  336  368  407  456  525  615  711  783  813
  805  780  757  740  720  690  653  615  581  548  515  486  464  451  441  430
  420  413  414  420  424  418  398  369  339  316  300  287  275  262  250  239
  230  221  215  211  206  193  169  136  106
    15.0-180.0 180.0   5.0 450.0                            LAT/LON1/LON2/DLON/H
  119   97   85   79   78   83   98  124  160  202  243  278  308  337  363  382
  390  386  372  354  338  332  342  370  409  454  507  575  658  740  795  806
  783  748  721  705  690  670  646  621  595  565  527  486  450  420  396  377
  363  356  357  361  363  356  340  317  296  282  276  276  274  270  264  255
  244  234  226  220  213  199  177  147  119
    12.5-180.0 180.0   5.0 450.0                            LAT/LON1/LON2/DLON/H
  122  103   90   85   88   99  119  148  184  225  265  300  330  358  384  402
  407  400  383  366  355  356  375  409  454  502  555  616  685  746  778  771
  736  696  670  658  651  642  631  617  599  568  524  472  420  373  333  304
  287  280  280  282  281  275  264  250  239  235  241  253  263  268  266  258
  247  234  223  215  205  191  170  145  122
    10.0-180.0 180.0   5.0 450.0                            LAT/LON1/LON2/DLON/H
  117  102   91   88   94  112  139  172  209  249  288  323  353  380  405  422
  426  417  400  386  381  390  414  452  499  548  596  647  697  735  745  724
  683  645  625  620  622  622  621  615  600  567  516  452  385  322  270  233
  214  208  207  207  204  201  197  193  192  197  211  231  250  261  261  253
  239  225  212  200  187  171  153  134  117
     7.5-180.0 180.0   5.0 450.0                            LAT/LON1/LON2/DLON/H
  109   99   90   88   98  123  157  194  233  273  311  345  374  401  425  442
  447  439  425  414  415  430  458  497  542  588  630  669  700  717  711  682
  645  616  605  608  616  622  626  623  605  567  508  435  358  285  224  184
  165  162  162  161  158  159  164  169  175  183  200  222  244  256  255  244
  228  211  196  182  166  148  132  119  109
     5.0-180.0 180.0   5.0 450.0                            LAT/LON1/LON2/DLON/H
  105   98   90   88  101  131  171  213  254  293  332  366  394  419  443  463
  471  467  456  451  458  477  506  541  581  621  656  683  699  701  686  660
  634  620  621  630  641  647  650  643  619  574  508  430  348  271  209  171
  156  157  160  159  159  166  179  191  199  206  217  235  251  259  253  238
  218  201  186  170  152  133  118  110  105
     2.5-180.0 180.0   5.0 450.0                            LAT/LON1/LON2/DLON/H
  109  104   95   92  106  138  182  227  270  310  349  383  411  436  461  483
  496  498  493  494  505  526  552  582  614  647  675  693  699  693  680  664
  656  659  671  684  692  694  689  674  641  587  517  439  360  287  230  198
  191  197  204  205  208  222  242  259  266  264  264  269  275  274  261  240
  218  201  187  171  152  131  117  111  109
