TEC/CODG3260.12I
     1.0            IONOSPHERE MAPS     GNSS                IONEX VERSION / TYPE
ADDNEQ2 V5.3        AIUB                25-NOV-12 21:22     PGM / RUN BY / DATE 
CODE'S GLOBAL IONOSPHERE MAPS FOR DAY 326, 2012             COMMENT             
Global ionosphere maps (GIM) are generated on a daily basis DESCRIPTION         
at CODE using data from about 150 GPS sites of the IGS and  DESCRIPTION         
other institutions. The vertical total electron content     DESCRIPTION         
(VTEC) is modeled in a solar-geomagnetic reference frame    DESCRIPTION         
using a spherical harmonics expansion up to degree and      DESCRIPTION         
order 15. Piece-wise linear functions are used for          DESCRIPTION         
representation in the time domain. The time spacing of      DESCRIPTION         
their vertices is 2 hours, conforming with the epochs of    DESCRIPTION         
the VTEC maps. Instrumental biases, so-called differential  DESCRIPTION         
P1-P2 code biases (DCB), for all GPS satellites and ground  DESCRIPTION         
stations are estimated as constant values for each day,     DESCRIPTION         
simultaneously with the 13 times 256, or 3328 parameters    DESCRIPTION         
used to represent the global VTEC distribution. The DCB     DESCRIPTION         
datum is defined by a zero-mean condition imposed on the    DESCRIPTION         
satellite bias estimates. P1-C1 bias corrections are taken  DESCRIPTION         
into account if needed. To convert line-of-sight TEC into   DESCRIPTION         
vertical TEC, a modified single-layer model mapping         DESCRIPTION         
function approximating the JPL extended slab model mapping  DESCRIPTION         
function is adopted. The mapping function is evaluated at   DESCRIPTION         
geodetic satellite elevation angles. For the computation of DESCRIPTION         
the ionospheric pierce points, a spherical layer with a     DESCRIPTION         
radius of 6821 km is assumed, implying geocentric, not      DESCRIPTION         
geodetic IONEX latitudes.                                   DESCRIPTION         
Note: These GIM results correspond to the results for the   DESCRIPTION         
middle day of a 3-day combination analysis solving for 37   DESCRIPTION         
times 256, or 9472 VTEC parameters and one common set of    DESCRIPTION         
satellite and 24-hour receiver DCB constants.               DESCRIPTION         
Contact address: stefan.schaer or code @aiub.unibe.ch       DESCRIPTION         
Web page:        www.aiub.unibe.ch/content/ionosphere/      DESCRIPTION         
Data archive:    ftp.unibe.ch/aiub/CODE/                    DESCRIPTION         
                 www.aiub.unibe.ch/download/CODE/           DESCRIPTION         
  2012    11    21     0     0     0                        EPOCH OF FIRST MAP  
  2012    11    22     0     0     0                        EPOCH OF LAST MAP   
  7200                                                      INTERVAL            
    13                                                      # OF MAPS IN FILE   
  NONE                                                      MAPPING FUNCTION    
    10.0                                                    ELEVATION CUTOFF    
One-way carrier phase leveled to code                       OBSERVABLES USED    
[...]
etad etdd fair faiv fale flin flrs frdn func ganp glps glsv COMMENT             
gmsd gold gope gras graz guam guat guug harb harv hers hert COMMENT             
hnpt hob2 hofn hofs holb holm hrao hyde iddr ieng iisc ilha COMMENT             
impz ineg invk iqui irkj irkt isba joz2 joze karr kat1 kely COMMENT             
kerg khar kir0 kiru kit3 kokb kokv kouc lama lck2 lcki lhaz COMMENT             
lmmf lpal lpgs m0se mac1 mag0 mal2 mana mas1 mat1 mate maui COMMENT             
maw1 mbar mccj mcm4 mdo1 mdvj medi mets mizu mkea mnls mobj COMMENT             
mobk mobs monp morp mqzg nano nico nist nklg nlib not1 novm COMMENT             
nrc1 nril nrmd ntus nurk nya1 ohi2 ohi3 onsa opmt pado palv COMMENT             
park pbr2 pbri pdel penc pert pfa2 pimo pol2 pots pove prds COMMENT             
ptag ptbb qaq1 quin rabt ramo rcmn recf reso reun reyk rio2 COMMENT             
riop rosa roth salu sant savo sch2 scor sele sey1 sfer shao COMMENT             
smst sofi spt0 ssia sthl stjo stk2 str2 suth sutv suwn sydn COMMENT             
syog tabv tah2 tash thti thu2 thu3 tid1 tidb tixg tixi tlse COMMENT             
tn22 tow2 tro1 tsea tskb twtf txes uclu ufpr ulab unb3 unbj COMMENT             
unbn unbt unsa untr urum urus usn3 usno usud vaco vald vesl COMMENT             
vill vtsp wab1 wab2 wes2 wgtn whit will wind wsrt wtza wtzr COMMENT             
wtzs wtzz wuhn xmis yakt yar2 yar3 yarr ycba yell yssk zamb COMMENT             
zeck zim2 zimm                                              COMMENT             
                                                            END OF HEADER       
     1                                                      START OF TEC MAP    
  2012    11    21     0     0     0                        EPOCH OF CURRENT MAP
    87.5-180.0 180.0   5.0 450.0                            LAT/LON1/LON2/DLON/H
   91   93   95   97  100  102  104  106  109  111  113  115  116  118  119  120
  121  122  122  122  122  122  121  120  119  118  117  116  114  113  111  109
  108  106  104  103  101   99   98   96   95   93   92   91   89   88   87   86
   85   84   83   82   82   81   80   80   79   79   79   79   79   79   79   80
   80   81   82   83   84   86   87   89   91
    85.0-180.0 180.0   5.0 450.0                            LAT/LON1/LON2/DLON/H
   80   83   88   92   97  101  106  111  116  120  124  128  132  135  138  140
  141  142  142  142  141  139  137  135  132  129  126  122  119  116  112  109
  106  103  100   98   95   93   91   89   87   85   84   82   81   80   78   77
   76   75   74   73   72   70   69   68   67   66   65   64   64   63   63   63
   63   64   65   66   68   70   73   76   80
    82.5-180.0 180.0   5.0 450.0                            LAT/LON1/LON2/DLON/H
   72   77   82   88   94  101  107  114  120  126  132  138  142  147  150  152
  154  155  154  153  150  147  143  138  133  128  122  117  112  107  103   99
   96   93   90   88   86   84   82   81   80   78   77   76   75   75   74   73
   73   72   72   71   70   69   68   66   65   63   61   60   58   56   55   54
   54   54   54   56   58   60   63   67   72
    80.0-180.0 180.0   5.0 450.0                            LAT/LON1/LON2/DLON/H
   74   79   85   91   97  104  110  117  123  129  135  141  145  149  152  154
  155  155  154  151  147  142  136  130  122  115  108  101   95   90   86   83
   81   79   78   77   77   76   76   75   75   74   74   73   73   73   73   74
   74   75   75   76   76   75   74   73   71   69   67   64   62   59   57   55
   54   54   54   56   58   61   64   69   74
    77.5-180.0 180.0   5.0 450.0                            LAT/LON1/LON2/DLON/H
   89   94   99  105  110  115  120  124  128  132  135  138  140  142  144  144
  144  144  142  138  134  128  121  113  104   96   88   81   75   71   68   67
   67   67   69   70   72   73   74   74   74   74   73   73   73   74   75   77
   78   80   82   84   85   85   85   84   83   81   78   75   72   69   67   65
   64   64   65   67   70   74   78   83   89
    75.0-180.0 180.0   5.0 450.0                            LAT/LON1/LON2/DLON/H
  116  121  126  130  133  135  137  138  138  136  135  133  130  128  126  124
  123  122  120  117  114  109  102   94   86   78   70   63   58   55   55   56
   58   62   66   70   73   75   76   77   76   76   75   75   75   76   77   80
   83   86   89   92   94   95   96   95   94   92   89   86   84   81   79   79
   79   80   83   87   92   98  104  110  116
    72.5-180.0 180.0   5.0 450.0                            LAT/LON1/LON2/DLON/H
  149  155  159  162  164  164  162  159  154  147  139  130  120  112  105  100
   97   95   95   94   94   91   87   82   75   67   60   54   50   49   50   53
   58   63   69   74   78   80   81   81   80   78   76   75   75   76   78   81
   85   89   93   96   99  101  102  101  100   98   96   94   92   91   91   92
   94   98  104  111  118  127  135  142  149
    70.0-180.0 180.0   5.0 450.0                            LAT/LON1/LON2/DLON/H
  182  188  193  196  197  196  193  187  178  165  150  134  116  100   87   77
   72   71   72   76   79   81   81   79   74   68   62   57   53   52   54   58
   63   69   75   80   83   84   84   83   80   78   75   74   74   75   77   80
   84   89   93   96   99  100  100  100   98   97   95   95   94   95   98  101
  107  114  122  132  143  154  164  173  182
    67.5-180.0 180.0   5.0 450.0                            LAT/LON1/LON2/DLON/H
  205  212  218  222  225  226  224  218  207  192  171  147  122   98   78   63
   55   54   58   66   74   81   85   86   84   79   74   69   65   63   64   67
   71   76   80   83   84   84   82   80   77   74   71   70   70   71   73   76
   80   84   88   91   92   93   92   91   89   88   88   89   91   95  100  107
  116  125  136  149  161  174  186  196  205
    65.0-180.0 180.0   5.0 450.0                            LAT/LON1/LON2/DLON/H
  216  224  231  238  244  249  251  248  240  224  200  171  139  108   81   61
   50   49   54   65   77   88   95   99   99   95   90   84   80   77   75   76
   77   79   80   80   79   77   75   72   69   66   65   64   64   65   68   71
   74   77   80   81   81   80   78   76   75   75   76   80   85   93  102  112
  122  134  147  160  173  186  198  208  216
    62.5-180.0 180.0   5.0 450.0                            LAT/LON1/LON2/DLON/H
  217  224  232  242  252  263  272  275  271  257  234  202  166  129   96   72
   58   55   61   72   84   96  105  109  110  107  102   97   91   86   83   80
   78   77   75   72   69   66   63   61   59   58   58   58   59   60   62   64
   66   68   69   69   67   65   63   61   60   61   64   71   80   92  105  118
  131  144  157  169  181  192  202  210  217
    60.0-180.0 180.0   5.0 450.0                            LAT/LON1/LON2/DLON/H
  214  219  227  240  255  272  287  297  298  288  267  235  197  157  121   93
   76   70   73   81   91  100  106  110  110  109  105  100   95   89   84   79
   75   70   66   61   58   55   53   52   52   53   54   55   56   57   58   59
   59   59   58   56   54   51   49   47   47   50   57   67   80   96  113  129
  144  157  169  180  190  199  205  210  214
    57.5-180.0 180.0   5.0 450.0                            LAT/LON1/LON2/DLON/H
  216  219  227  241  260  281  301  315  320  313  294  264  226  186  149  120
  100   91   89   90   93   95   96   97   97   97   96   93   90   86   80   75
   69   63   58   53   49   47   47   48   50   53   55   56   57   57   57   56
   54   52   49   46   43   41   39   39   41   46   55   69   86  106  127  146
  163  176  187  197  204  210  214  215  216
    55.0-180.0 180.0   5.0 450.0                            LAT/LON1/LON2/DLON/H
  230  232  239  254  275  298  319  333  337  331  313  284  249  211  176  147
  126  112  104   97   89   82   76   73   72   74   77   80   80   79   75   70
   65   59   55   51   49   48   50   53   57   60   62   64   64   62   60   57
   54   50   45   41   38   36   36   38   43   50   62   78   99  122  146  168
  186  200  210  219  225  230  232  232  230
    52.5-180.0 180.0   5.0 450.0                            LAT/LON1/LON2/DLON/H
  259  261  269  284  306  328  345  354  353  343  324  296  264  230  198  171
  150  133  117  101   83   66   52   45   45   50   58   66   72   74   73   70
   66   62   59   57   57   58   61   65   70   73   75   76   75   73   70   65
   59   53   47   42   39   39   40   45   52   62   75   93  115  141  168  192
  210  224  234  243  251  258  261  261  259
    50.0-180.0 180.0   5.0 450.0                            LAT/LON1/LON2/DLON/H
  299  302  313  330  351  370  381  380  370  352  329  302  273  243  215  192
  171  152  131  107   80   55   36   26   26   35   47   60   70   75   77   76
   74   72   70   70   71   74   78   83   87   90   92   93   92   89   84   78
   71   63   56   50   47   47   51   58   67   79   93  112  135  162  189  213
  232  245  255  265  277  287  295  298  299
    47.5-180.0 180.0   5.0 450.0                            LAT/LON1/LON2/DLON/H
  340  347  361  381  403  419  421  410  389  362  334  306  279  254  230  210
  191  172  148  119   88   58   36   26   26   36   51   66   78   85   88   88
   86   85   84   85   88   91   95  100  103  106  109  110  110  108  103   96
   88   79   71   64   60   61   65   74   86   99  114  133  155  181  207  230
  247  259  269  281  296  312  326  334  340
    45.0-180.0 180.0   5.0 450.0                            LAT/LON1/LON2/DLON/H
  370  382  400  425  449  463  460  439  408  374  342  313  288  266  245  228
  211  192  169  140  109   81   60   49   49   57   70   83   95  101  104  102
   99   97   96   97  100  104  108  112  116  120  123  126  128  127  123  117
  108   99   90   83   78   77   82   92  105  121  137  155  175  199  222  243
  257  266  274  287  305  327  346  360  370
    42.5-180.0 180.0   5.0 450.0                            LAT/LON1/LON2/DLON/H
  381  396  418  447  475  490  485  460  424  387  353  326  302  282  263  247
  232  214  193  169  144  121  104   93   89   92   99  108  116  120  119  115
  109  104  101  102  105  110  114  118  122  127  133  139  143  144  141  135
  128  119  111  103   97   95   98  109  124  142  160  178  196  216  236  253
  264  269  275  285  304  329  352  369  381
    40.0-180.0 180.0   5.0 450.0                            LAT/LON1/LON2/DLON/H
  372  385  408  440  472  491  489  466  433  398  367  343  322  302  284  268
  252  235  217  200  184  170  157  145  136  130  129  131  134  135  131  123
  114  105  100  100  103  108  113  118  123  130  139  147  154  156  155  149
  143  136  129  122  115  111  113  123  141  163  183  202  218  235  251  264
  271  273  275  283  300  322  345  360  372
    37.5-180.0 180.0   5.0 450.0                            LAT/LON1/LON2/DLON/H
  348  357  376  408  442  465  470  455  430  403  380  361  343  324  305  287
  269  251  236  224  218  212  204  191  174  159  150  146  146  145  139  128
  114  102   95   95   99  104  109  115  122  131  141  152  159  162  161  156
  151  147  143  138  131  124  124  135  155  181  206  226  242  255  268  279
  284  285  284  287  299  317  334  343  348
    35.0-180.0 180.0   5.0 450.0                            LAT/LON1/LON2/DLON/H
  326  325  337  363  395  422  434  430  417  402  389  376  361  344  324  302
  280  258  242  234  234  235  230  214  191  169  155  150  150  150  143  131
  115  101   93   93   97  103  109  114  121  131  143  153  160  162  159  154
  151  150  150  148  141  134  132  142  165  196  226  250  266  278  289  299
  306  308  307  307  314  324  331  331  326
    32.5-180.0 180.0   5.0 450.0                            LAT/LON1/LON2/DLON/H
  323  310  310  326  352  378  394  401  400  397  393  385  374  358  338  313
  285  256  234  224  225  229  224  206  181  159  147  147  152  155  151  139
  122  108  101  101  106  112  116  119  125  134  145  153  158  157  152  147
  145  147  152  153  147  139  137  147  173  209  245  273  290  301  311  323
  335  343  347  347  349  352  350  339  323
    30.0-180.0 180.0   5.0 450.0                            LAT/LON1/LON2/DLON/H
  353  330  318  321  335  354  370  382  390  394  395  391  382  369  349  322
  286  247  214  196  193  195  189  172  150  136  135  146  159  167  166  156
  141  129  123  124  128  132  132  133  136  142  149  154  154  150  144  137
  136  142  149  153  150  141  138  150  179  220  261  293  312  322  333  350
  370  389  401  406  407  405  396  378  353
    27.5-180.0 180.0   5.0 450.0                            LAT/LON1/LON2/DLON/H
  422  395  373  363  362  368  378  388  398  404  405  400  392  381  364  334
  291  239  191  161  149  145  138  126  115  117  135  159  181  193  194  185
  173  163  159  161  163  162  157  152  150  152  155  156  153  146  138  131
  130  137  146  152  149  142  139  152  184  229  274  310  330  341  353  375
  407  439  463  477  481  479  469  449  422
    25.0-180.0 180.0   5.0 450.0                            LAT/LON1/LON2/DLON/H
  526  501  477  456  440  430  428  431  435  436  431  422  414  405  390  360
  309  244  181  136  113  102   95   91   98  123  161  199  224  234  232  224
  215  208  206  206  204  197  185  173  167  165  164  161  155  147  138  132
  131  136  145  150  147  141  141  156  189  236  285  322  344  355  370  398
  441  487  525  549  560  563  559  546  526
    22.5-180.0 180.0   5.0 450.0                            LAT/LON1/LON2/DLON/H
  647  635  615  589  561  535  519  511  507  498  483  468  457  451  439  408
  351  275  199  141  107   91   85   93  120  168  224  267  286  286  276  266
  260  256  254  251  243  228  208  191  181  177  175  170  163  155  148  141
  139  142  147  149  146  141  143  161  197  244  294  332  355  368  385  418
  470  528  578  611  631  643  650  652  647
    20.0-180.0 180.0   5.0 450.0                            LAT/LON1/LON2/DLON/H
  763  770  763  739  703  666  638  621  607  588  563  541  529  525  516  485
  424  341  257  192  151  130  128  147  193  259  322  358  359  339  317  304
  299  298  296  288  272  249  222  201  191  187  186  182  176  170  165  158
  154  152  152  151  146  143  149  170  206  254  302  341  366  380  399  437
  495  560  616  655  682  704  725  746  763
    17.5-180.0 180.0   5.0 450.0                            LAT/LON1/LON2/DLON/H
  851  882  892  876  839  796  763  742  723  698  666  640  628  627  620  590
  527  443  359  293  251  230  230  257  314  385  442  456  429  382  345  329
  328  329  324  310  287  255  224  203  194  195  196  195  192  190  186  179
  172  165  159  153  147  146  156  181  219  264  311  350  377  394  416  457
  517  583  639  678  707  736  771  812  851
    15.0-180.0 180.0   5.0 450.0                            LAT/LON1/LON2/DLON/H
  897  948  976  971  940  899  869  852  836  812  779  753  743  746  742  712
  652  572  496  437  400  381  381  409  464  527  561  543  479  406  356  340
  344  347  339  318  286  250  217  197  194  201  207  209  209  209  206  198
  187  176  165  156  149  150  166  195  234  277  320  360  389  411  437  479
  538  600  649  681  707  739  783  838  897
    12.5-180.0 180.0   5.0 450.0                            LAT/LON1/LON2/DLON/H
  896  961 1003 1010  986  954  934  929  926  909  882  860  856  863  862  835
  780  711  649  605  577  560  556  574  615  654  655  598  500  406  352  342
  353  357  344  316  278  237  205  191  194  206  217  222  224  224  221  211
  197  182  169  157  151  156  177  211  249  289  330  368  401  428  459  504
  560  614  651  672  690  718  765  826  896
    10.0-180.0 180.0   5.0 450.0                            LAT/LON1/LON2/DLON/H
  858  927  976  990  975  954  949  963  977  974  956  942  944  957  960  937
  891  837  794  768  750  732  718  719  734  740  704  612  490  388  341  344
  363  368  349  313  269  227  198  188  197  214  227  233  234  234  228  215
  198  182  169  158  154  163  189  225  264  300  337  375  410  443  479  527
  580  626  650  658  665  686  728  787  858
     7.5-180.0 180.0   5.0 450.0                            LAT/LON1/LON2/DLON/H
  800  864  912  928  918  907  918  951  984  995  987  980  989 1007 1015  999
  963  927  904  895  885  863  833  810  794  766  697  584  457  365  337  357
  384  387  361  317  269  227  200  193  205  224  236  240  240  237  227  211
  193  178  167  159  158  171  200  239  276  308  341  376  413  451  492  543
  596  635  649  646  643  656  689  739  800
     5.0-180.0 180.0   5.0 450.0                            LAT/LON1/LON2/DLON/H
  745  797  836  849  840  835  859  907  954  975  973  969  982 1005 1018 1009
  985  965  959  962  955  925  877  827  782  728  643  528  418  354  354  391
  423  420  385  334  283  241  215  209  220  236  245  245  241  234  222  203
  185  172  166  163  165  180  211  249  284  312  339  371  408  448  494  547
  601  637  647  639  632  639  662  698  745
     2.5-180.0 180.0   5.0 450.0                            LAT/LON1/LON2/DLON/H
  710  748  776  782  770  767  795  851  904  926  922  916  927  952  970  968
  955  947  952  960  949  907  841  771  707  641  559  467  392  369  398  449
  478  465  419  362  309  267  240  233  239  249  252  248  240  231  216  197
  179  170  168  169  173  189  219  256  288  311  332  360  395  434  481  537
  593  631  643  637  633  639  655  678  710
