TEC/CODG3250.12I
     1.0            IONOSPHERE MAPS     GNSS                IONEX VERSION / TYPE
ADDNEQ2 V5.3        AIUB                24-NOV-12 20:55     PGM / RUN BY / DATE 
CODE'S GLOBAL IONOSPHERE MAPS FOR DAY 325, 2012             COMMENT             
Global ionosphere maps (GIM) are generated on a daily basis DESCRIPTION         
at CODE using data from about 150 GPS sites of the IGS and  DESCRIPTION         
other institutions. The vertical total electron content     DESCRIPTION         
(VTEC) is modeled in a solar-geomagnetic reference frame    DESCRIPTION         
using a spherical harmonics expansion up to degree and      DESCRIPTION         
order 15. Piece-wise linear functions are used for          DESCRIPTION         
representation in the time domain. The time spacing of      DESCRIPTION         
their vertices is 2 hours, conforming with the epochs of    DESCRIPTION         
the VTEC maps. Instrumental biases, so-called differential  DESCRIPTION         
P1-P2 code biases (DCB), for all GPS satellites and ground  DESCRIPTION         
stations are estimated as constant values for each day,     DESCRIPTION         
simultaneously with the 13 times 256, or 3328 parameters    DESCRIPTION         
used to represent the global VTEC distribution. The DCB     DESCRIPTION         
datum is defined by a zero-mean condition imposed on the    DESCRIPTION         
satellite bias estimates. P1-C1 bias corrections are taken  DESCRIPTION         
into account if needed. To convert line-of-sight TEC into   DESCRIPTION         
vertical TEC, a modified single-layer model mapping         DESCRIPTION         
function approximating the JPL extended slab model mapping  DESCRIPTION         
function is adopted. The mapping function is evaluated at   DESCRIPTION         
geodetic satellite elevation angles. For the computation of DESCRIPTION         
the ionospheric pierce points, a spherical layer with a     DESCRIPTION         
radius of 6821 km is assumed, implying geocentric, not      DESCRIPTION         
geodetic IONEX latitudes.                                   DESCRIPTION         
Note: These GIM results correspond to the results for the   DESCRIPTION         
middle day of a 3-day combination analysis solving for 37   DESCRIPTION         
times 256, or 9472 VTEC parameters and one common set of    DESCRIPTION         
satellite and 24-hour receiver DCB constants.               DESCRIPTION         
Contact address: stefan.schaer or code @aiub.unibe.ch       DESCRIPTION         
Web page:        www.aiub.unibe.ch/content/ionosphere/      DESCRIPTION         
Data archive:    ftp.unibe.ch/aiub/CODE/                    DESCRIPTION         
                 www.aiub.unibe.ch/download/CODE/           DESCRIPTION         
  2012    11    20     0     0     0                        EPOCH OF FIRST MAP  
  2012    11    21     0     0     0                        EPOCH OF LAST MAP   
  7200                                                      INTERVAL            
    13                                                      # OF MAPS IN FILE   
  NONE                                                      MAPPING FUNCTION    
    10.0                                                    ELEVATION CUTOFF    
One-way carrier phase leveled to code                       OBSERVABLES USED    
[...]
cpxf crar cro1 daej darw dav1 dgar dgav dhlg drao dubo ebre COMMENT             
etad etdd fair faiv fale flin flrs frdn func ganp glps glsv COMMENT             
gmsd gold gope gras graz guam guat guug harb harv hers hert COMMENT             
hnpt hob2 hofn hofs holb holm hrao iddr iisc ilha ineg invk COMMENT             
iqui irkj irkt isba joz2 joze karr kat1 kely kerg khar kiru COMMENT             
kit3 kokb kokv kouc lama lck2 lcki lhaz lmmf lpal lpgs m0se COMMENT             
mac1 mag0 mal2 mana mas1 mat1 mate maui maw1 mbar mccj mcm4 COMMENT             
mdo1 mdvj medi mets mizu mkea mnls mobj mobk mobs monp morp COMMENT             
mqzg nano nico nist nklg nlib not1 novm nrc1 nril nrmd ntus COMMENT             
nurk nya1 ohi2 ohi3 onsa opmt pado palv park pbr2 pbri pdel COMMENT             
penc pert pfa2 pimo pol2 pots pove prds ptag ptbb qaq1 quin COMMENT             
rabt ramo rcmn recf reso reun reyk rio2 riop rosa roth salu COMMENT             
sant savo sch2 scor sele sey1 sfer shao smst sofi spt0 ssia COMMENT             
sthl stjo stk2 str2 suth sutv suwn sydn syog tabv tah1 tah2 COMMENT             
tash thti thu2 thu3 tid1 tidb tixg tixi tlse tn22 tow2 tro1 COMMENT             
tsea tskb twtf txes uclu ufpr ulab unb3 unbj unbn unbt unsa COMMENT             
untr urum urus usn3 usno usud vaco vald vesl vill vtsp wab1 COMMENT             
wab2 wes2 wgtn whit will wind wsrt wtza wtzr wtzs wtzz wuhn COMMENT             
xmis yakt yar2 yar3 yarr ycba yell yssk zamb zeck zim2 zimm COMMENT             
                                                            END OF HEADER       
[from data line 1716]
     5                                                      START OF TEC MAP    
  2012    11    20     8     0     0                        EPOCH OF CURRENT MAP
    87.5-180.0 180.0   5.0 450.0                            LAT/LON1/LON2/DLON/H
   94   95   96   97   98   99   99  100  101  102  103  104  104  105  106  106
  107  107  107  108  108  109  109  109  110  110  110  111  111  112  112  113
  113  113  114  114  114  114  114  114  114  113  113  112  112  111  110  109
  107  106  105  104  102  101  100   98   97   96   95   94   93   92   92   92
   91   91   91   91   92   92   93   93   94
    85.0-180.0 180.0   5.0 450.0                            LAT/LON1/LON2/DLON/H
   81   83   85   87   89   91   93   95   97   98  100  101  102  102  103  103
  103  103  103  102  102  102  102  102  103  103  104  105  106  107  109  110
  112  113  115  116  118  119  120  120  121  121  120  119  118  117  115  113
  110  107  104  101   98   94   91   88   85   82   80   78   76   74   73   73
   72   72   73   73   74   76   77   79   81
    82.5-180.0 180.0   5.0 450.0                            LAT/LON1/LON2/DLON/H
   68   71   75   78   81   84   87   90   93   95   96   97   98   98   97   96
   95   94   92   91   89   88   88   87   87   88   89   90   92   94   97  100
  103  107  110  113  117  119  122  124  126  127  127  127  126  124  122  119
  115  111  107  102   96   91   86   80   75   71   67   63   60   58   56   55
   55   55   56   57   59   60   63   65   68
    80.0-180.0 180.0   5.0 450.0                            LAT/LON1/LON2/DLON/H
   59   62   66   70   74   78   82   85   88   91   92   93   93   92   90   88
   85   82   79   76   74   71   70   69   68   69   70   72   75   78   82   87
   92   97  102  107  112  117  121  126  129  132  134  135  135  134  132  129
  125  120  114  108  101   94   87   79   72   66   60   56   52   49   46   45
   45   45   46   47   49   51   53   56   59
    77.5-180.0 180.0   5.0 450.0                            LAT/LON1/LON2/DLON/H
   54   57   61   65   69   73   77   81   85   87   88   88   87   85   82   79
   75   70   66   62   59   56   54   53   53   54   56   58   62   66   70   75
   81   86   93   99  106  112  119  125  130  135  139  142  144  145  145  143
  140  135  130  123  115  106   97   88   79   71   64   58   52   49   46   44
   43   43   44   45   46   48   49   52   54
    75.0-180.0 180.0   5.0 450.0                            LAT/LON1/LON2/DLON/H
   53   55   58   61   66   70   74   79   82   84   85   84   82   79   75   70
   66   61   56   52   49   47   46   46   47   48   51   53   57   60   64   69
   74   79   85   91   99  106  114  122  130  137  144  150  155  158  160  161
  160  157  152  146  138  128  118  107   97   86   77   69   62   57   54   52
   50   50   50   50   50   50   51   52   53
    72.5-180.0 180.0   5.0 450.0                            LAT/LON1/LON2/DLON/H
   55   55   57   60   64   69   73   77   80   82   82   80   77   73   68   64
   59   55   51   49   47   47   48   49   51   54   57   59   62   64   66   68
   71   75   79   85   92  100  109  119  129  139  149  158  166  173  178  182
  184  183  180  175  167  158  147  135  122  109   98   87   79   72   67   63
   61   60   59   58   57   56   55   55   55
    70.0-180.0 180.0   5.0 450.0                            LAT/LON1/LON2/DLON/H
   56   56   57   60   64   69   73   78   80   81   80   77   73   68   63   59
   55   53   52   52   53   55   58   62   66   69   72   74   74   74   73   72
   72   73   76   80   87   95  106  117  130  143  155  168  179  189  198  205
  209  212  211  207  201  191  180  166  152  137  122  109   98   89   81   76
   71   68   66   64   62   60   59   57   56
    67.5-180.0 180.0   5.0 450.0                            LAT/LON1/LON2/DLON/H
   56   56   57   60   64   69   74   78   80   81   79   75   70   65   60   57
   55   55   57   59   63   68   73   79   84   88   91   91   89   85   81   76
   73   71   72   76   83   93  105  119  134  150  165  180  195  207  218  228
  235  239  240  238  233  224  212  197  181  165  148  132  117  105   94   85
   78   73   69   66   63   61   59   57   56
    65.0-180.0 180.0   5.0 450.0                            LAT/LON1/LON2/DLON/H
   54   54   55   57   61   66   72   76   79   79   77   73   68   63   59   58
   58   61   64   69   75   81   88   95  101  105  106  105  100   92   84   76
   71   68   69   74   83   94  108  125  143  161  179  197  213  227  239  249
  257  262  264  263  259  251  239  225  208  191  172  154  136  120  105   93
   82   73   67   62   59   57   55   54   54
    62.5-180.0 180.0   5.0 450.0                            LAT/LON1/LON2/DLON/H
   50   51   52   53   57   61   66   71   74   75   73   70   65   62   60   60
   63   67   73   78   84   90   97  104  109  113  113  109  101   90   80   70
   65   63   66   74   85  100  117  136  157  178  198  216  233  247  258  268
  275  279  282  281  277  270  260  246  231  213  194  175  155  136  117  100
   85   73   63   56   52   51   50   50   50
    60.0-180.0 180.0   5.0 450.0                            LAT/LON1/LON2/DLON/H
   48   48   48   49   50   52   56   61   64   66   66   65   63   61   62   64
   69   74   79   84   88   93   98  103  108  110  108  102   91   79   67   59
   55   57   65   77   92  110  130  152  175  198  220  239  254  267  276  283
  288  291  292  291  287  281  272  262  248  233  216  197  176  155  133  112
   92   75   62   53   48   46   46   47   48
    57.5-180.0 180.0   5.0 450.0                            LAT/LON1/LON2/DLON/H
   50   50   48   45   43   42   44   47   51   54   57   58   59   61   64   68
   73   78   82   84   85   87   90   93   96   97   94   86   74   61   50   44
   45   54   67   85  104  125  147  171  196  221  243  262  276  285  292  295
  297  298  297  294  291  286  279  271  261  250  235  219  199  177  154  129
  106   84   67   56   49   47   48   49   50
    55.0-180.0 180.0   5.0 450.0                            LAT/LON1/LON2/DLON/H
   57   56   52   46   39   34   32   33   37   41   46   51   55   60   65   71
   76   79   81   79   77   76   76   77   79   80   75   66   54   41   32   31
   39   55   75   98  121  143  167  192  218  243  266  283  295  302  304  305
  304  302  299  295  291  286  282  277  271  263  253  239  222  202  178  152
  126  102   82   67   59   55   55   57   57
    52.5-180.0 180.0   5.0 450.0                            LAT/LON1/LON2/DLON/H
   69   67   61   52   42   33   27   24   26   30   37   43   51   58   65   71
   76   77   76   72   67   63   61   61   63   63   59   49   37   26   20   25
   40   63   90  116  141  164  188  213  239  264  286  302  311  315  314  312
  308  305  301  296  291  286  282  279  276  271  265  255  241  224  202  177
  150  124  102   85   75   70   69   69   69
    50.0-180.0 180.0   5.0 450.0                            LAT/LON1/LON2/DLON/H
   83   81   75   66   53   41   30   24   23   26   32   39   47   56   63   69
   72   72   69   63   57   52   50   51   53   53   49   40   29   19   18   28
   50   79  110  138  163  185  208  232  258  282  303  317  323  324  321  317
  313  309  304  299  293  287  283  279  277  274  269  262  251  237  219  196
  171  145  123  105   93   86   83   83   83
    47.5-180.0 180.0   5.0 450.0                            LAT/LON1/LON2/DLON/H
   93   93   90   83   71   58   45   36   32   31   34   39   46   54   61   66
   67   66   63   58   53   49   49   51   53   54   51   42   31   24   25   40
   66   99  132  161  184  205  225  249  274  297  316  327  331  329  325  320
  316  312  309  303  296  289  283  278  274  270  265  258  250  238  223  204
  182  159  138  120  107   99   94   92   93
    45.0-180.0 180.0   5.0 450.0                            LAT/LON1/LON2/DLON/H
   95   99  101   99   92   81   69   59   51   46   44   45   49   54   59   62
   63   62   60   58   56   56   58   61   64   65   62   53   43   37   41   58
   86  120  153  180  202  221  241  264  288  310  326  334  335  331  325  320
  317  316  313  309  301  292  283  276  269  263  255  246  237  227  215  199
  180  160  142  126  113  103   96   93   95
    42.5-180.0 180.0   5.0 450.0                            LAT/LON1/LON2/DLON/H
   88   96  104  110  110  104   96   86   76   67   60   56   55   57   59   61
   62   62   63   66   70   74   77   81   83   83   79   71   61   55   60   77
  105  138  170  195  215  234  254  278  301  321  333  338  336  330  323  318
  316  317  316  313  305  295  284  275  266  256  245  233  222  211  200  185
  169  151  136  122  110   98   89   85   88
    40.0-180.0 180.0   5.0 450.0                            LAT/LON1/LON2/DLON/H
   73   83   97  110  117  120  117  110  101   90   79   70   65   63   63   65
   66   69   75   82   91   99  104  106  106  103   97   88   78   73   78   95
  121  151  180  204  224  244  267  291  313  330  338  339  335  328  320  315
  314  315  317  315  309  299  289  280  271  260  245  229  215  201  188  173
  155  139  125  113  101   88   76   70   73
    37.5-180.0 180.0   5.0 450.0                            LAT/LON1/LON2/DLON/H
   57   67   83   99  112  121  125  124  117  106   93   82   75   71   71   73
   77   83   93  105  118  127  132  131  127  120  112  102   92   87   91  107
  131  159  185  208  230  253  279  304  325  338  343  340  334  327  319  313
  311  312  315  316  313  307  301  296  291  282  267  249  230  212  195  175
  154  135  121  109   97   81   66   57   57
    35.0-180.0 180.0   5.0 450.0                            LAT/LON1/LON2/DLON/H
   50   55   66   80   94  107  116  120  118  110   99   89   83   81   82   86
   93  102  115  130  145  154  156  151  141  131  120  108   98   94   99  114
  137  162  187  211  236  263  292  318  337  346  346  342  336  330  323  316
  311  311  315  319  321  321  323  327  332  330  319  300  279  256  232  205
  176  152  134  121  107   89   70   56   50
    32.5-180.0 180.0   5.0 450.0                            LAT/LON1/LON2/DLON/H
   63   58   58   63   71   82   92   99  102   99   93   88   86   88   93  101
  110  121  136  152  167  174  172  161  147  133  119  107   98   96  102  118
  141  165  190  216  243  274  306  332  348  354  351  346  343  340  335  327
  319  316  320  327  335  345  358  376  395  405  402  386  364  338  306  270
  232  198  174  157  140  120   97   77   63
    30.0-180.0 180.0   5.0 450.0                            LAT/LON1/LON2/DLON/H
  104   85   69   59   55   57   63   69   73   75   77   80   84   92  101  112
  123  136  151  166  179  183  177  162  144  128  113  102   94   94  104  122
  146  172  197  224  255  289  321  346  360  362  358  355  357  360  358  350
  339  333  336  347  362  381  407  441  477  502  509  500  480  451  413  368
  319  276  243  220  200  177  152  126  104
    27.5-180.0 180.0   5.0 450.0                            LAT/LON1/LON2/DLON/H
  172  139  107   78   58   47   43   42   43   47   55   66   78   91  104  117
  129  142  155  168  178  179  171  154  135  118  104   94   89   92  106  129
  157  184  211  239  271  306  337  361  372  373  370  372  380  390  393  385
  372  364  367  380  401  429  467  516  568  608  627  626  609  580  539  486
  428  375  335  305  281  257  231  202  172
    25.0-180.0 180.0   5.0 450.0                            LAT/LON1/LON2/DLON/H
  262  219  172  127   91   64   45   32   25   26   37   53   70   86  100  113
  125  136  147  157  165  165  156  140  122  107   96   88   85   92  112  140
  172  202  230  259  291  324  354  376  386  388  389  396  413  431  439  434
  420  410  412  428  452  486  532  592  655  707  736  742  730  703  661  605
  542  482  434  398  371  348  324  296  262
    22.5-180.0 180.0   5.0 450.0                            LAT/LON1/LON2/DLON/H
  359  312  257  203  156  116   81   51   30   24   32   49   66   80   91  102
  111  120  128  137  143  144  137  124  110   99   91   85   84   96  120  155
  191  224  252  280  311  342  370  391  403  408  415  429  453  478  492  490
  478  468  470  486  511  546  595  657  725  782  817  828  821  797  758  703
  640  577  524  483  453  432  414  392  359
    20.0-180.0 180.0   5.0 450.0                            LAT/LON1/LON2/DLON/H
  446  402  349  295  246  200  151  103   66   48   49   60   72   79   83   87
   92   98  105  113  120  123  120  112  103   96   90   86   88  102  131  171
  211  245  273  300  328  357  383  405  422  434  447  468  497  527  547  550
  540  531  534  548  571  602  646  704  767  821  856  869  865  846  812  763
  704  643  587  542  511  493  484  472  446
    17.5-180.0 180.0   5.0 450.0                            LAT/LON1/LON2/DLON/H
  504  470  427  385  346  301  246  184  130   99   89   91   91   86   79   75
   75   79   84   93  102  109  110  107  103   99   95   92   94  110  142  185
  227  261  288  313  339  366  393  419  442  462  483  508  540  573  596  603
  598  592  595  606  624  649  682  728  778  822  851  863  860  844  817  777
  726  671  615  567  534  520  520  519  504
    15.0-180.0 180.0   5.0 450.0                            LAT/LON1/LON2/DLON/H
  521  501  475  453  433  400  346  277  213  170  149  139  125  106   86   72
   67   69   75   85   97  107  112  113  111  109  105  101  103  118  152  195
  237  270  295  317  342  369  399  429  460  489  516  545  576  609  634  646
  646  643  645  654  666  681  701  730  763  792  811  818  814  802  780  749
  709  661  607  555  520  508  515  525  521
    12.5-180.0 180.0   5.0 450.0                            LAT/LON1/LON2/DLON/H
  495  487  480  482  486  473  429  363  296  248  219  197  170  137  105   83
   74   74   81   93  108  120  128  129  128  125  119  113  112  127  158  200
  240  270  292  313  337  366  398  435  473  510  542  572  601  631  656  671
  676  677  679  685  692  698  707  718  733  746  754  755  749  737  719  696
  667  626  573  517  477  465  475  491  495
    10.0-180.0 180.0   5.0 450.0                            LAT/LON1/LON2/DLON/H
  434  432  440  464  493  501  475  420  361  315  284  256  219  176  136  109
   97   97  105  118  134  147  154  154  150  144  136  126  123  135  163  202
  237  263  282  302  326  357  393  434  478  520  556  585  611  637  662  680
  688  692  695  699  703  705  704  703  702  702  701  698  689  675  657  640
  618  582  530  469  422  405  413  428  434
     7.5-180.0 180.0   5.0 450.0                            LAT/LON1/LON2/DLON/H
  355  352  365  403  450  478  471  436  393  358  331  302  262  216  174  145
  133  133  141  155  170  181  185  183  175  165  153  141  135  143  168  201
  231  253  269  287  312  344  382  426  473  518  556  584  607  630  654  673
  684  689  693  697  702  705  703  695  686  677  672  667  656  638  618  601
  582  550  496  429  374  348  349  356  355
     5.0-180.0 180.0   5.0 450.0                            LAT/LON1/LON2/DLON/H
  280  267  277  316  370  411  422  408  386  367  351  326  291  249  211  185
  174  174  182  195  207  216  216  210  199  186  170  155  147  152  173  201
  226  243  256  273  298  331  369  413  459  504  542  570  592  614  636  656
  669  674  678  684  694  704  707  702  692  683  679  675  662  639  613  593
  575  542  485  412  348  312  301  295  280
     2.5-180.0 180.0   5.0 450.0                            LAT/LON1/LON2/DLON/H
  231  203  199  229  278  321  343  347  346  345  340  325  299  267  239  219
  210  210  217  228  237  242  240  231  218  202  185  168  159  162  179  203
  223  237  248  263  288  320  356  397  440  483  519  548  571  593  616  635
  648  654  658  667  685  706  721  725  721  718  720  720  707  679  646  620
  598  564  504  426  354  309  285  263  231
