scripts/CODG1010.11I
     1.0            IONOSPHERE MAPS     GNSS                IONEX VERSION / TYPE
ADDNEQ2 V5.1        AIUB                15-APR-11 20:33     PGM / RUN BY / DATE 
CODE'S GLOBAL IONOSPHERE MAPS FOR DAY 101, 2011             COMMENT             
Global ionosphere maps (GIM) are generated on a daily basis DESCRIPTION         
at CODE using data from about 150 GPS sites of the IGS and  DESCRIPTION         
other institutions. The vertical total electron content     DESCRIPTION         
(VTEC) is modeled in a solar-geomagnetic reference frame    DESCRIPTION         
using a spherical harmonics expansion up to degree and      DESCRIPTION         
order 15. Piece-wise linear functions are used for          DESCRIPTION         
representation in the time domain. The time spacing of      DESCRIPTION         
their vertices is 2 hours, conforming with the epochs of    DESCRIPTION         
the VTEC maps. Instrumental biases, so-called differential  DESCRIPTION         
P1-P2 code biases (DCB), for all GPS satellites and ground  DESCRIPTION         
stations are estimated as constant values for each day,     DESCRIPTION         
simultaneously with the 13 times 256, or 3328 parameters    DESCRIPTION         
used to represent the global VTEC distribution. The DCB     DESCRIPTION         
datum is defined by a zero-mean condition imposed on the    DESCRIPTION         
satellite bias estimates. P1-C1 bias corrections are taken  DESCRIPTION         
into account if needed. To convert line-of-sight TEC into   DESCRIPTION         
vertical TEC, a modified single-layer model mapping         DESCRIPTION         
function approximating the JPL extended slab model mapping  DESCRIPTION         
function is adopted. The mapping function is evaluated at   DESCRIPTION         
geodetic satellite elevation angles. For the computation of DESCRIPTION         
the ionospheric pierce points, a spherical layer with a     DESCRIPTION         
radius of 6821 km is assumed, implying geocentric, not      DESCRIPTION         
geodetic IONEX latitudes.                                   DESCRIPTION         
Note: These GIM results correspond to the results for the   DESCRIPTION         
middle day of a 3-day combination analysis solving for 37   DESCRIPTION         
times 256, or 9472 VTEC parameters and one common set of    DESCRIPTION         
satellite and 24-hour receiver DCB constants.               DESCRIPTION         
Contact address: stefan.schaer or code @aiub.unibe.ch       DESCRIPTION         
Web site:        http://www.aiub.unibe.ch/ionosphere/       DESCRIPTION         
Data archive:    ftp://ftp.unibe.ch/aiub/CODE/              DESCRIPTION         
                 http://www.aiub.unibe.ch/download/CODE/    DESCRIPTION         
  2011     4    11     0     0     0                        EPOCH OF FIRST MAP  
  2011     4    12     0     0     0                        EPOCH OF LAST MAP   
  7200                                                      INTERVAL            
    13                                                      # OF MAPS IN FILE   
  NONE                                                      MAPPING FUNCTION    
    10.0                                                    ELEVATION CUTOFF    
One-way carrier phase leveled to code                       OBSERVABLES USED    
[...]
chpi chti chur cnmr coco conz cpxf crar cro1 ctwn daej dav1 COMMENT             
dgar dgav drao dubo ebre eprt faa1 fair faiv fale flin flrs COMMENT             
frdn func ganp glsv gode godz gold gope gras graz guam guat COMMENT             
guug harb hers hert hnpt hob2 hofn holb holm hrao iddr ieng COMMENT             
iisc ineg invk iqal iqui irkj irkt isba ispa joz2 joze jplv COMMENT             
karr kely kerg khaj khar kir0 kiru kit3 kokb kokv kosg kouc COMMENT             
kour lama lhaz lmmf lpal lpgs m0se mac1 madr mal2 mana mas1 COMMENT             
mat1 mate maui maw1 mccj mcil mcm4 mdvj medi mets mizu mkea COMMENT             
mobk mobs monp morp mqzg mtka nano nico nist not1 novm nrc1 COMMENT             
nril nrmd ntus nurk nya1 ohi2 ohi3 onsa opmt pado palv park COMMENT             
pdel penc pert pfa2 pie1 pimo pol2 pots pove prds ptbb qaq1 COMMENT             
quin rabt ramo rbay rcmn recf reso reun reyk rio2 riop rosa COMMENT             
roth salu sant savo scor scub sele sfer shao smst sofi spt0 COMMENT             
stjo str2 suth sutv suwn sydn syog tabv tah1 tah2 thti thu2 COMMENT             
thu3 tid1 tidb tixg tixi tlse tn22 tow2 tro1 tsea tskb twtf COMMENT             
txes uclu ufpr unb3 unbj unbn unbt unsa urum usn3 usno usud COMMENT             
vaco vald vesl vill vtsp wab1 wab2 wes2 wgtn whit will wind COMMENT             
wsrt wtza wtzr wtzs wtzz wuhn xian xmis yakt yar2 yar3 yarr COMMENT             
yell yssk zeck zim2 zimm zwe2                               COMMENT             
                                                            END OF HEADER       
[from data line 429]
     2                                                      START OF TEC MAP    
  2011     4    11     2     0     0                        EPOCH OF CURRENT MAP
    87.5-180.0 180.0   5.0 450.0                            LAT/LON1/LON2/DLON/H
  184  184  183  183  183  182  182  181  181  181  180  179  179  178  177  176
  176  175  173  172  171  170  169  168  166  165  164  163  162  162  161  160
  160  160  160  160  160  161  162  162  163  164  166  167  168  169  171  172
  174  175  176  178  179  180  181  182  183  183  184  185  185  185  185  186
  186  185  185  185  185  185  184  184  184
    85.0-180.0 180.0   5.0 450.0                            LAT/LON1/LON2/DLON/H
  184  183  183  182  182  182  182  183  183  183  183  183  183  182  181  180
  179  177  175  173  170  168  165  162  159  156  153  150  148  146  144  142
  141  141  141  141  142  143  144  146  149  151  154  157  160  163  166  169
  172  175  177  180  182  185  187  188  190  191  192  192  192  192  192  192
  191  190  189  188  187  186  185  184  184
    82.5-180.0 180.0   5.0 450.0                            LAT/LON1/LON2/DLON/H
  177  176  176  175  176  177  178  179  181  182  184  185  186  186  186  186
  184  182  180  176  173  168  164  159  154  149  144  139  135  131  128  125
  123  122  122  123  124  126  128  131  135  138  143  147  151  155  160  164
  169  173  176  180  184  187  189  192  193  195  196  196  197  196  195  194
  193  191  189  187  185  182  180  179  177
    80.0-180.0 180.0   5.0 450.0                            LAT/LON1/LON2/DLON/H
  168  167  166  166  166  168  170  173  176  179  183  185  187  189  189  189
  188  186  183  180  175  170  164  158  152  145  138  132  126  121  116  113
  110  109  109  109  111  113  116  120  124  128  133  138  143  147  152  157
  162  167  171  176  180  183  187  190  192  194  196  196  197  196  195  194
  192  189  187  183  180  177  174  171  168
    77.5-180.0 180.0   5.0 450.0                            LAT/LON1/LON2/DLON/H
  163  160  158  158  158  160  163  167  171  175  179  183  186  187  188  188
  187  185  182  179  175  170  164  158  151  144  136  128  121  115  110  106
  103  102  102  102  104  106  109  113  116  120  124  129  133  138  142  147
  152  157  162  166  171  175  179  182  186  188  190  192  193  193  193  192
  190  188  185  182  178  174  170  166  163
    75.0-180.0 180.0   5.0 450.0                            LAT/LON1/LON2/DLON/H
  164  161  158  156  156  157  160  164  168  172  176  179  180  181  180  179
  177  176  174  172  169  166  162  157  151  143  136  128  120  114  108  104
  101  100  100  100  102  103  106  108  110  113  115  118  122  125  129  134
  138  143  148  153  157  162  167  171  175  179  182  185  187  188  189  189
  188  187  185  183  180  177  173  168  164
    72.5-180.0 180.0   5.0 450.0                            LAT/LON1/LON2/DLON/H
  175  170  166  162  161  161  163  165  169  172  174  175  173  171  167  164
  161  159  158  157  157  157  156  153  148  142  135  127  120  113  107  103
  101   99   99  100  101  102  102  103  103  104  105  106  108  111  114  118
  122  127  132  138  143  148  154  159  164  169  173  177  180  182  184  185
  186  187  187  187  187  185  183  179  175
    70.0-180.0 180.0   5.0 450.0                            LAT/LON1/LON2/DLON/H
  193  187  182  177  173  171  171  172  174  175  174  172  166  160  152  145
  140  137  137  138  141  144  146  146  143  138  131  123  116  109  103  100
   98   97   97   98   98   98   97   96   94   93   92   92   93   95   98  102
  107  112  118  125  131  137  144  150  156  161  166  171  174  177  179  181
  184  187  190  193  196  198  198  196  193
    67.5-180.0 180.0   5.0 450.0                            LAT/LON1/LON2/DLON/H
  214  209  202  195  189  184  182  182  182  180  177  171  161  150  138  127
  119  115  116  119  125  130  134  136  134  129  123  114  106  100   94   91
   90   90   91   91   91   90   88   86   83   80   78   77   77   79   83   88
   94  101  109  116  124  131  139  146  153  159  164  168  171  174  176  178
  181  186  192  198  205  211  215  216  214
    65.0-180.0 180.0   5.0 450.0                            LAT/LON1/LON2/DLON/H
  233  229  221  213  204  198  193  191  189  187  181  172  159  144  128  114
  105  100  100  104  111  118  123  124  123  117  110  101   92   85   81   78
   78   78   79   80   80   79   76   73   70   66   64   63   64   67   72   79
   86   95  104  113  122  131  140  148  155  162  167  171  173  175  175  177
  179  184  191  201  212  222  230  234  233
    62.5-180.0 180.0   5.0 450.0                            LAT/LON1/LON2/DLON/H
  247  244  236  226  216  207  201  198  195  191  184  174  160  143  126  111
  100   94   94   98  104  110  113  114  110  104   95   85   76   69   65   63
   63   64   66   67   67   66   64   62   59   56   54   54   55   59   66   74
   83   94  104  115  126  136  146  155  163  169  175  178  179  179  178  178
  179  182  190  201  214  227  238  245  247
    60.0-180.0 180.0   5.0 450.0                            LAT/LON1/LON2/DLON/H
  253  251  244  234  223  213  205  200  196  192  186  176  163  147  130  116
  106  100   99  101  104  107  108  105  100   92   82   72   63   57   53   51
   51   52   54   55   56   56   55   54   52   50   49   50   52   57   64   73
   84   96  108  121  133  144  155  165  173  180  184  187  188  188  185  183
  181  183  189  199  213  228  241  250  253
    57.5-180.0 180.0   5.0 450.0                            LAT/LON1/LON2/DLON/H
  252  252  246  237  226  215  206  200  195  190  185  177  166  153  140  128
  120  115  113  112  111  110  106  101   94   86   76   67   59   52   48   46
   46   46   47   48   50   51   52   52   52   51   51   52   54   59   66   76
   87  100  114  127  141  153  165  175  183  190  194  197  199  198  195  192
  189  188  192  200  212  225  238  248  252
    55.0-180.0 180.0   5.0 450.0                            LAT/LON1/LON2/DLON/H
  248  248  245  238  228  218  208  199  193  187  182  175  168  159  150  143
  138  134  130  126  121  116  109  102   95   88   80   72   65   58   54   51
   49   48   48   49   51   53   55   56   57   58   58   58   60   64   71   80
   92  105  119  134  148  162  174  184  192  198  202  205  208  208  207  204
  201  198  199  204  212  223  234  243  248
    52.5-180.0 180.0   5.0 450.0                            LAT/LON1/LON2/DLON/H
  243  246  245  242  235  225  214  203  194  186  179  174  169  164  159  156
  154  151  147  141  132  123  114  108  103   98   93   87   80   74   68   63
   60   57   56   56   57   60   63   65   67   67   67   66   67   70   76   85
   96  110  124  140  155  170  182  192  199  203  207  211  214  217  219  218
  215  212  211  213  218  225  232  239  243
    50.0-180.0 180.0   5.0 450.0                            LAT/LON1/LON2/DLON/H
  243  247  250  251  247  239  227  214  201  189  181  174  170  166  165  165
  165  164  159  151  140  129  121  117  115  115  113  108  102   94   86   79
   73   69   66   66   67   70   73   76   77   77   76   74   73   75   80   89
  101  115  130  146  162  177  190  199  204  207  209  213  218  224  228  230
  230  228  226  226  228  231  235  239  243
    47.5-180.0 180.0   5.0 450.0                            LAT/LON1/LON2/DLON/H
  249  255  261  266  266  260  247  231  215  200  188  179  172  169  168  168
  169  169  164  156  145  134  128  128  130  134  134  129  121  111  100   91
   84   78   75   74   76   79   82   85   86   85   83   80   78   79   84   94
  106  121  137  154  170  186  198  206  209  210  211  214  220  227  235  240
  241  241  241  241  242  243  244  246  249
    45.0-180.0 180.0   5.0 450.0                            LAT/LON1/LON2/DLON/H
  263  270  278  286  289  284  271  253  234  216  201  189  179  173  169  168
  169  168  165  157  147  139  136  139  145  150  150  144  133  119  106   95
   87   81   79   79   81   85   88   90   91   90   87   84   82   83   89  100
  114  130  146  163  180  195  207  214  216  215  214  216  222  230  239  246
  249  252  253  255  257  258  258  259  263
    42.5-180.0 180.0   5.0 450.0                            LAT/LON1/LON2/DLON/H
  282  289  299  308  311  306  293  275  255  236  219  204  191  181  173  168
  167  166  164  158  151  145  144  149  157  161  158  148  132  115  100   89
   82   78   77   79   83   87   91   93   93   92   90   87   86   88   95  107
  123  141  158  175  191  206  217  224  225  223  221  222  228  235  244  250
  255  259  263  269  274  277  278  279  282
    40.0-180.0 180.0   5.0 450.0                            LAT/LON1/LON2/DLON/H
  307  313  321  328  329  323  310  292  273  255  239  223  208  193  181  172
  167  166  164  161  156  153  153  158  163  164  157  142  121  102   87   77
   72   71   73   78   83   88   92   94   95   95   93   92   91   94  103  117
  134  153  171  187  202  216  228  234  236  235  234  235  240  246  252  256
  260  265  272  282  292  299  302  304  307
    37.5-180.0 180.0   5.0 450.0                            LAT/LON1/LON2/DLON/H
  335  339  343  346  343  334  319  303  287  272  258  244  228  210  193  180
  172  169  169  168  165  162  161  163  165  161  149  129  107   87   73   67
   66   68   73   79   86   92   95   97   99   99  100   99   99  103  112  127
  145  165  183  198  213  226  237  245  249  251  252  255  260  265  268  270
  271  275  285  298  313  324  331  333  335
    35.0-180.0 180.0   5.0 450.0                            LAT/LON1/LON2/DLON/H
  368  368  367  363  354  340  323  308  295  285  275  263  248  229  209  192
  181  177  176  176  174  171  168  167  164  156  141  119   97   79   70   68
   71   77   83   89   96  101  104  105  107  108  109  110  110  112  121  135
  154  174  192  207  220  233  245  255  263  269  275  282  289  293  295  293
  292  295  305  322  341  356  365  368  368
    32.5-180.0 180.0   5.0 450.0                            LAT/LON1/LON2/DLON/H
  405  402  396  385  368  347  328  314  304  298  291  280  266  247  226  206
  192  185  184  184  182  178  173  169  163  154  139  120  101   88   85   88
   95  101  106  111  115  118  119  119  119  120  122  122  121  122  128  141
  160  179  197  211  224  237  251  264  277  289  301  313  324  330  331  328
  325  328  338  357  377  395  404  407  405
    30.0-180.0 180.0   5.0 450.0                            LAT/LON1/LON2/DLON/H
  448  441  431  414  391  365  343  328  320  314  308  297  282  262  240  218
  201  191  188  187  185  181  176  171  166  159  149  136  124  118  120  128
  136  141  143  143  142  141  138  135  134  134  135  134  131  129  132  143
  160  180  197  212  225  239  255  273  291  310  328  347  362  372  375  373
  370  373  384  402  423  441  450  451  448
    27.5-180.0 180.0   5.0 450.0                            LAT/LON1/LON2/DLON/H
  494  486  475  455  428  398  373  358  349  342  331  316  297  275  251  226
  206  192  186  184  183  180  177  175  174  174  172  167  163  164  172  182
  190  192  188  181  173  167  159  152  147  145  145  142  137  132  132  141
  157  176  195  210  225  241  260  282  305  330  354  379  400  414  421  423
  423  427  438  456  476  492  499  499  494
    25.0-180.0 180.0   5.0 450.0                            LAT/LON1/LON2/DLON/H
  541  535  525  507  479  448  423  406  396  383  365  340  313  285  258  231
  207  189  179  176  175  176  177  181  188  197  204  208  211  217  228  239
  246  243  232  217  202  189  176  165  156  152  150  146  139  132  130  136
  151  171  191  208  225  244  266  292  320  349  378  407  433  452  464  471
  475  483  495  512  529  543  548  546  541
    22.5-180.0 180.0   5.0 450.0                            LAT/LON1/LON2/DLON/H
  585  582  578  565  540  511  487  471  459  440  410  372  333  298  266  235
  208  186  173  168  169  174  182  193  207  223  238  248  255  263  274  285
  289  282  264  242  221  203  186  171  159  152  149  145  138  129  125  130
  145  165  187  206  226  248  274  304  336  367  399  430  459  482  498  510
  521  532  545  561  577  588  592  589  585
    20.0-180.0 180.0   5.0 450.0                            LAT/LON1/LON2/DLON/H
  622  624  626  620  602  577  557  544  531  506  465  412  360  315  278  245
  214  190  173  167  170  179  193  209  228  248  265  276  283  289  298  307
  310  300  278  252  227  205  186  169  155  147  144  140  134  125  120  124
  139  161  185  206  228  253  284  317  351  385  417  449  478  502  522  538
  553  567  582  597  612  622  625  623  622
    17.5-180.0 180.0   5.0 450.0                            LAT/LON1/LON2/DLON/H
  647  654  663  664  652  634  619  611  601  573  522  457  392  339  297  263
  233  207  189  181  184  196  212  230  249  265  278  285  287  288  294  301
  303  294  272  244  218  197  179  161  148  140  137  135  129  121  116  120
  136  159  184  207  231  258  292  329  366  400  432  463  490  514  534  553
  570  586  601  616  630  641  646  646  647
    15.0-180.0 180.0   5.0 450.0                            LAT/LON1/LON2/DLON/H
  661  671  685  691  684  671  663  662  658  630  574  499  426  368  326  294
  266  241  222  213  215  226  241  255  265  272  275  272  266  262  263  270
  274  267  248  223  201  182  167  152  140  133  131  130  126  119  114  118
  134  158  184  208  232  261  297  337  377  412  444  473  499  520  539  556
  574  590  604  619  634  647  655  657  661
    12.5-180.0 180.0   5.0 450.0                            LAT/LON1/LON2/DLON/H
  665  676  691  698  694  684  682  689  692  668  611  533  457  399  361  335
  313  292  274  263  261  267  275  280  278  270  259  245  231  220  219  226
  233  231  217  198  180  167  156  145  134  129  128  128  125  117  112  116
  132  157  183  207  231  261  298  341  382  420  453  481  505  524  539  554
  570  584  597  610  626  643  654  660  665
    10.0-180.0 180.0   5.0 450.0                            LAT/LON1/LON2/DLON/H
  664  673  685  691  685  676  678  693  702  684  629  553  480  429  399  382
  368  352  335  322  315  314  311  303  285  262  238  215  194  181  179  186
  195  197  189  175  164  156  150  142  134  129  129  128  124  116  109  112
  128  153  179  202  226  255  294  338  382  421  457  487  510  527  539  551
  564  576  586  597  615  634  650  658  664
     7.5-180.0 180.0   5.0 450.0                            LAT/LON1/LON2/DLON/H
  661  667  675  676  668  658  663  681  695  681  630  559  494  452  433  427
  421  410  395  379  366  356  343  321  291  256  223  195  173  160  157  164
  174  178  173  164  157  153  150  145  138  133  131  128  122  112  104  106
  121  146  172  195  218  247  285  330  375  417  455  489  514  530  540  550
  561  570  578  588  605  628  646  656  661
     5.0-180.0 180.0   5.0 450.0                            LAT/LON1/LON2/DLON/H
  661  664  668  665  654  644  649  668  683  668  620  554  499  469  461  462
  462  454  440  422  404  386  364  334  296  257  223  198  180  169  166  170
  176  178  173  165  160  158  155  150  143  136  131  126  117  105   96   97
  112  137  163  186  209  237  274  317  363  406  448  485  513  531  542  552
  562  570  576  585  602  625  646  657  661
     2.5-180.0 180.0   5.0 450.0                            LAT/LON1/LON2/DLON/H
  663  665  668  665  654  645  651  669  679  660  609  547  500  480  479  484
  485  477  462  442  421  399  373  341  304  269  243  226  216  209  203  201
  200  195  186  176  169  165  161  155  145  136  128  120  109   96   86   87
  101  126  153  177  200  227  262  303  347  390  433  474  506  527  540  552
  565  574  580  587  603  626  647  659  663
