scripts/CODG1010.11I
     1.0            IONOSPHERE MAPS     GNSS                IONEX VERSION / TYPE
ADDNEQ2 V5.1        AIUB                15-APR-11 20:33     PGM / RUN BY / DATE 
CODE'S GLOBAL IONOSPHERE MAPS FOR DAY 101, 2011             COMMENT             
Global ionosphere maps (GIM) are generated on a daily basis DESCRIPTION         
at CODE using data from about 150 GPS sites of the IGS and  DESCRIPTION         
other institutions. The vertical total electron content     DESCRIPTION         
(VTEC) is modeled in a solar-geomagnetic reference frame    DESCRIPTION         
using a spherical harmonics expansion up to degree and      DESCRIPTION         
order 15. Piece-wise linear functions are used for          DESCRIPTION         
representation in the time domain. The time spacing of      DESCRIPTION         
their vertices is 2 hours, conforming with the epochs of    DESCRIPTION         
the VTEC maps. Instrumental biases, so-called differential  DESCRIPTION         
P1-P2 code biases (DCB), for all GPS satellites and ground  DESCRIPTION         
stations are estimated as constant values for each day,     DESCRIPTION         
simultaneously with the 13 times 256, or 3328 parameters    DESCRIPTION         
used to represent the global VTEC distribution. The DCB     DESCRIPTION         
datum is defined by a zero-mean condition imposed on the    DESCRIPTION         
satellite bias estimates. P1-C1 bias corrections are taken  DESCRIPTION         
into account if needed. To convert line-of-sight TEC into   DESCRIPTION         
vertical TEC, a modified single-layer model mapping         DESCRIPTION         
function approximating the JPL extended slab model mapping  DESCRIPTION         
function is adopted. The mapping function is evaluated at   DESCRIPTION         
geodetic satellite elevation angles. For the computation of DESCRIPTION         
the ionospheric pierce points, a spherical layer with a     DESCRIPTION         
radius of 6821 km is assumed, implying geocentric, not      DESCRIPTION         
geodetic IONEX latitudes.                                   DESCRIPTION         
Note: These GIM results correspond to the results for the   DESCRIPTION         
middle day of a 3-day combination analysis solving for 37   DESCRIPTION         
times 256, or 9472 VTEC parameters and one common set of    DESCRIPTION         
satellite and 24-hour receiver DCB constants.               DESCRIPTION         
Contact address: stefan.schaer or code @aiub.unibe.ch       DESCRIPTION         
Web site:        http://www.aiub.unibe.ch/ionosphere/       DESCRIPTION         
Data archive:    ftp://ftp.unibe.ch/aiub/CODE/              DESCRIPTION         
                 http://www.aiub.unibe.ch/download/CODE/    DESCRIPTION         
  2011     4    11     0     0     0                        EPOCH OF FIRST MAP  
  2011     4    12     0     0     0                        EPOCH OF LAST MAP   
  7200                                                      INTERVAL            
    13                                                      # OF MAPS IN FILE   
  NONE                                                      MAPPING FUNCTION    
    10.0                                                    ELEVATION CUTOFF    
One-way carrier phase leveled to code                       OBSERVABLES USED    
[...]
chpi chti chur cnmr coco conz cpxf crar cro1 ctwn daej dav1 COMMENT             
dgar dgav drao dubo ebre eprt faa1 fair faiv fale flin flrs COMMENT             
frdn func ganp glsv gode godz gold gope gras graz guam guat COMMENT             
guug harb hers hert hnpt hob2 hofn holb holm hrao iddr ieng COMMENT             
iisc ineg invk iqal iqui irkj irkt isba ispa joz2 joze jplv COMMENT             
karr kely kerg khaj khar kir0 kiru kit3 kokb kokv kosg kouc COMMENT             
kour lama lhaz lmmf lpal lpgs m0se mac1 madr mal2 mana mas1 COMMENT             
mat1 mate maui maw1 mccj mcil mcm4 mdvj medi mets mizu mkea COMMENT             
mobk mobs monp morp mqzg mtka nano nico nist not1 novm nrc1 COMMENT             
nril nrmd ntus nurk nya1 ohi2 ohi3 onsa opmt pado palv park COMMENT             
pdel penc pert pfa2 pie1 pimo pol2 pots pove prds ptbb qaq1 COMMENT             
quin rabt ramo rbay rcmn recf reso reun reyk rio2 riop rosa COMMENT             
roth salu sant savo scor scub sele sfer shao smst sofi spt0 COMMENT             
stjo str2 suth sutv suwn sydn syog tabv tah1 tah2 thti thu2 COMMENT             
thu3 tid1 tidb tixg tixi tlse tn22 tow2 tro1 tsea tskb twtf COMMENT             
txes uclu ufpr unb3 unbj unbn unbt unsa urum usn3 usno usud COMMENT             
vaco vald vesl vill vtsp wab1 wab2 wes2 wgtn whit will wind COMMENT             
wsrt wtza wtzr wtzs wtzz wuhn xian xmis yakt yar2 yar3 yarr COMMENT             
yell yssk zeck zim2 zimm zwe2                               COMMENT             
                                                            END OF HEADER       
[from data line 4290]
    11                                                      START OF TEC MAP    
  2011     4    11    20     0     0                        EPOCH OF CURRENT MAP
    87.5-180.0 180.0   5.0 450.0                            LAT/LON1/LON2/DLON/H
  146  146  146  147  147  147  148  148  149  149  150  151  151  152  153  154
  155  155  156  157  158  158  159  159  160  160  161  161  161  162  162  162
  162  162  162  161  161  161  161  160  160  159  159  159  158  158  157  157
  156  156  155  155  154  154  153  153  153  152  152  151  151  150  150  149
  149  148  148  148  147  147  147  147  146
    85.0-180.0 180.0   5.0 450.0                            LAT/LON1/LON2/DLON/H
  138  138  137  137  138  138  139  140  141  143  144  146  147  149  151  153
  154  156  157  158  160  161  161  162  163  163  164  164  165  165  165  165
  165  165  165  164  164  163  162  162  161  160  159  158  157  156  156  155
  154  154  153  153  153  152  152  152  151  151  150  150  149  148  147  146
  145  144  143  142  141  140  139  139  138
    82.5-180.0 180.0   5.0 450.0                            LAT/LON1/LON2/DLON/H
  133  131  131  130  130  131  132  133  135  137  140  143  145  148  151  153
  155  157  158  159  160  161  161  162  162  162  162  162  163  163  163  163
  164  164  164  163  163  162  161  159  158  156  155  153  152  151  150  149
  149  149  149  149  150  150  150  151  151  151  151  150  150  149  148  147
  145  144  142  141  139  137  135  134  133
    80.0-180.0 180.0   5.0 450.0                            LAT/LON1/LON2/DLON/H
  132  130  129  128  127  128  129  131  133  136  140  143  147  151  154  156
  158  160  161  161  160  160  159  158  157  156  155  155  155  155  156  157
  158  159  159  159  159  158  157  155  152  150  147  145  143  141  140  140
  140  140  142  143  145  147  148  150  151  151  152  152  152  151  150  149
  148  146  145  143  141  138  136  134  132
    77.5-180.0 180.0   5.0 450.0                            LAT/LON1/LON2/DLON/H
  136  134  132  131  130  130  131  134  137  141  145  150  154  158  162  164
  166  166  165  164  162  159  156  153  150  147  145  144  144  144  145  147
  149  151  153  154  154  153  151  148  145  141  137  134  131  128  127  127
  128  130  132  135  139  142  145  147  149  150  150  151  151  150  150  150
  149  148  148  147  145  143  141  139  136
    75.0-180.0 180.0   5.0 450.0                            LAT/LON1/LON2/DLON/H
  145  142  140  139  138  138  139  142  146  151  156  162  167  171  175  177
  177  176  174  170  166  161  155  150  145  140  136  134  133  133  135  137
  140  144  146  148  149  148  145  141  137  131  126  121  116  114  112  112
  114  117  121  126  130  135  138  141  143  144  144  144  144  144  145  145
  146  148  149  150  150  149  148  147  145
    72.5-180.0 180.0   5.0 450.0                            LAT/LON1/LON2/DLON/H
  153  152  150  149  149  150  152  155  160  165  172  178  184  189  192  193
  193  191  187  181  175  168  160  153  146  139  134  130  128  127  128  131
  134  138  141  143  144  142  139  134  127  120  113  106  101   98   96   97
   99  103  109  114  120  125  129  131  133  133  132  131  131  131  132  135
  138  142  145  149  152  154  154  154  153
    70.0-180.0 180.0   5.0 450.0                            LAT/LON1/LON2/DLON/H
  159  160  160  160  161  163  166  170  175  181  189  196  202  207  211  212
  211  208  203  197  189  181  173  164  156  148  140  134  130  128  128  130
  133  136  139  140  139  137  132  125  117  108   99   92   86   82   81   82
   85   89   95  102  108  113  116  118  118  117  115  113  112  112  114  118
  123  130  137  144  149  154  157  158  159
    67.5-180.0 180.0   5.0 450.0                            LAT/LON1/LON2/DLON/H
  161  163  166  169  171  175  179  183  189  196  204  212  219  225  228  229
  228  225  221  214  208  200  192  183  174  165  157  149  143  139  136  136
  137  138  139  138  135  130  124  115  105   96   86   78   72   68   67   68
   71   76   82   89   94   99  102  103  102   99   96   93   91   91   93   99
  106  115  125  134  142  149  154  157  161
    65.0-180.0 180.0   5.0 450.0                            LAT/LON1/LON2/DLON/H
  156  162  168  174  179  184  189  194  200  207  215  223  230  237  241  243
  243  241  237  232  227  221  215  207  199  190  180  171  163  156  152  148
  146  144  142  138  132  125  116  105   95   85   75   67   62   58   57   58
   61   66   71   77   82   86   88   88   87   83   79   75   73   72   75   82
   91  102  113  124  132  140  146  151  156
    62.5-180.0 180.0   5.0 450.0                            LAT/LON1/LON2/DLON/H
  149  157  167  176  184  191  197  202  207  213  219  227  235  242  247  250
  252  251  249  247  244  240  236  231  224  216  207  197  188  179  172  166
  160  154  147  140  130  120  109   98   87   77   68   61   56   53   52   53
   55   59   63   67   71   75   77   77   76   73   69   65   62   62   65   72
   82   93  105  115  124  130  136  142  149
    60.0-180.0 180.0   5.0 450.0                            LAT/LON1/LON2/DLON/H
  142  153  166  178  189  197  203  207  210  214  219  225  232  239  246  251
  254  255  256  255  255  254  252  249  245  239  231  222  213  204  194  186
  176  167  156  144  131  118  106   94   83   74   67   61   57   55   54   54
   54   56   59   62   65   68   71   72   72   70   67   64   62   62   65   72
   82   93  104  114  120  124  129  134  142
    57.5-180.0 180.0   5.0 450.0                            LAT/LON1/LON2/DLON/H
  141  153  169  184  196  204  209  211  211  212  214  218  224  232  239  245
  250  254  256  257  258  259  259  259  258  255  250  243  235  226  216  206
  194  181  166  151  135  121  107   96   86   78   72   68   65   62   61   59
   59   59   59   61   64   67   70   73   74   75   74   73   72   72   75   82
   91  102  112  120  124  126  127  132  141
    55.0-180.0 180.0   5.0 450.0                            LAT/LON1/LON2/DLON/H
  147  161  177  193  206  214  217  216  213  211  210  211  215  221  229  236
  243  248  251  253  254  256  258  260  261  262  261  257  252  245  236  225
  211  195  177  159  142  127  114  104   95   89   84   80   77   75   72   70
   68   66   65   66   67   71   74   79   83   86   88   89   89   89   92   98
  107  118  128  134  136  135  135  138  147
    52.5-180.0 180.0   5.0 450.0                            LAT/LON1/LON2/DLON/H
  162  176  193  208  220  226  227  224  218  213  209  207  209  213  220  228
  235  240  243  245  246  248  250  254  258  263  266  267  265  260  252  241
  225  207  188  168  151  136  124  115  109  103   99   96   93   90   87   83
   79   76   74   74   75   78   83   88   94  100  105  108  109  109  111  117
  126  137  147  153  154  152  150  153  162
    50.0-180.0 180.0   5.0 450.0                            LAT/LON1/LON2/DLON/H
  183  197  213  226  235  239  238  234  227  220  213  209  208  210  216  223
  229  234  237  238  238  239  242  247  253  261  269  274  275  272  265  253
  236  217  196  176  158  145  135  128  122  118  115  112  109  105  102   97
   93   89   86   85   86   88   93   99  106  113  120  125  126  126  127  132
  141  154  165  173  174  172  171  174  183
    47.5-180.0 180.0   5.0 450.0                            LAT/LON1/LON2/DLON/H
  206  220  233  244  250  252  250  246  240  232  225  218  215  215  218  224
  229  233  234  234  233  234  237  242  251  262  272  280  284  282  274  261
  243  222  201  180  163  151  143  137  133  129  126  124  121  118  114  110
  105  101   98   97   97   99  102  108  115  123  130  136  138  137  137  141
  150  164  178  188  192  191  192  196  206
    45.0-180.0 180.0   5.0 450.0                            LAT/LON1/LON2/DLON/H
  227  240  251  258  261  261  259  258  254  249  242  235  230  228  229  232
  235  237  237  235  235  236  239  245  255  266  278  288  292  290  280  265
  246  224  201  181  164  153  145  141  137  134  132  131  129  127  123  119
  115  112  109  107  107  108  110  114  120  128  135  140  141  140  138  141
  151  167  183  196  202  205  208  215  227
    42.5-180.0 180.0   5.0 450.0                            LAT/LON1/LON2/DLON/H
  241  255  264  267  267  266  267  268  270  268  263  257  251  248  247  248
  248  247  245  244  244  246  250  256  264  275  287  296  300  296  284  267
  246  223  200  179  162  150  143  138  135  133  132  132  132  131  129  126
  122  120  118  117  116  115  116  119  123  128  134  139  139  136  133  135
  145  162  180  195  204  209  216  227  241
    40.0-180.0 180.0   5.0 450.0                            LAT/LON1/LON2/DLON/H
  247  262  269  270  268  268  272  279  285  288  286  282  277  273  271  269
  266  263  259  258  260  264  268  272  277  285  295  304  307  302  288  269
  247  223  200  178  160  147  138  132  129  127  128  130  132  132  131  129
  127  126  125  124  123  122  121  122  124  127  131  134  133  129  125  126
  135  152  171  186  197  205  215  230  247
    37.5-180.0 180.0   5.0 450.0                            LAT/LON1/LON2/DLON/H
  247  263  271  271  269  271  279  290  301  308  309  307  304  302  299  295
  289  282  277  276  280  285  288  289  290  293  301  310  313  308  294  275
  253  230  206  183  162  146  134  127  123  122  124  127  131  133  132  131
  130  131  131  130  129  127  126  126  126  126  128  129  127  122  117  117
  125  141  159  175  185  195  208  227  247
    35.0-180.0 180.0   5.0 450.0                            LAT/LON1/LON2/DLON/H
  245  263  272  273  273  278  289  305  319  328  332  333  332  331  330  324
  316  305  298  297  301  307  308  304  299  298  304  314  320  317  305  288
  268  247  222  197  172  152  137  127  122  121  124  129  133  135  134  133
  134  136  137  137  136  134  133  132  129  127  126  125  123  117  112  111
  118  133  150  164  174  184  199  221  245
    32.5-180.0 180.0   5.0 450.0                            LAT/LON1/LON2/DLON/H
  243  264  276  280  284  292  307  325  341  351  356  359  361  362  362  356
  345  331  321  318  322  326  325  316  305  300  307  320  331  333  326  313
  296  276  251  222  192  167  149  137  131  129  132  136  140  140  138  136
  138  142  145  146  144  143  141  139  135  130  126  123  120  116  110  109
  115  129  144  157  166  177  193  217  243
    30.0-180.0 180.0   5.0 450.0                            LAT/LON1/LON2/DLON/H
  246  270  285  294  302  315  332  351  367  377  382  386  391  395  396  391
  377  360  346  339  341  343  338  325  310  305  313  332  351  360  359  350
  336  317  289  256  221  191  170  157  149  146  147  150  152  149  145  143
  145  151  156  157  156  154  152  149  142  134  127  123  120  116  111  110
  116  130  145  158  167  177  194  219  246
    27.5-180.0 180.0   5.0 450.0                            LAT/LON1/LON2/DLON/H
  256  281  300  314  327  344  363  382  396  405  411  416  423  430  433  428
  413  393  374  363  360  359  351  336  321  318  332  358  384  400  404  399
  386  365  333  293  253  219  196  182  173  169  168  169  167  162  155  152
  156  164  170  172  170  167  163  158  149  137  127  121  119  116  113  113
  120  134  151  165  176  187  204  228  256
    25.0-180.0 180.0   5.0 450.0                            LAT/LON1/LON2/DLON/H
  270  296  318  337  355  375  396  414  427  436  443  450  458  467  471  467
  453  430  406  389  381  377  369  355  344  347  368  401  433  452  458  453
  439  413  375  327  280  243  220  206  198  193  190  188  184  177  169  166
  171  180  188  190  187  181  175  166  153  137  125  118  117  116  115  116
  125  140  160  177  191  204  221  244  270
    22.5-180.0 180.0   5.0 450.0                            LAT/LON1/LON2/DLON/H
  287  311  335  358  381  403  424  442  456  465  474  484  494  505  511  508
  494  470  443  420  406  400  394  387  384  396  424  461  494  512  514  505
  486  453  406  350  297  258  236  225  218  212  208  204  200  193  186  183
  189  200  209  210  204  195  185  172  154  135  120  113  113  114  115  118
  128  146  169  191  209  226  242  263  287
    20.0-180.0 180.0   5.0 450.0                            LAT/LON1/LON2/DLON/H
  300  324  349  375  400  423  444  462  477  490  502  516  529  541  548  547
  535  512  482  454  437  430  429  432  442  463  496  533  560  570  564  547
  519  476  419  356  299  260  241  233  228  223  218  216  213  209  204  204
  211  222  230  230  221  209  194  175  153  131  114  108  108  112  114  118
  130  150  176  203  227  246  263  280  300
    17.5-180.0 180.0   5.0 450.0                            LAT/LON1/LON2/DLON/H
  309  331  357  385  411  434  454  472  489  505  523  541  558  571  580  580
  571  550  521  492  472  467  473  488  511  541  575  605  620  617  598  570
  532  480  415  345  287  250  235  231  229  224  221  222  224  225  225  227
  234  244  250  248  236  220  201  178  152  128  110  104  106  110  113  119
  131  152  180  211  239  261  277  292  309
    15.0-180.0 180.0   5.0 450.0                            LAT/LON1/LON2/DLON/H
  312  334  360  388  414  436  455  472  491  511  534  557  578  593  602  605
  599  582  556  528  510  508  522  549  582  617  647  665  663  642  610  571
  524  465  395  324  268  235  225  225  224  222  221  226  234  242  247  251
  258  264  267  261  247  228  206  180  153  127  110  104  106  110  114  120
  132  153  182  214  244  268  284  297  312
    12.5-180.0 180.0   5.0 450.0                            LAT/LON1/LON2/DLON/H
  311  333  361  390  415  435  452  468  487  509  535  562  586  604  614  618
  616  605  585  562  546  548  570  604  643  678  699  700  679  643  598  552
  500  439  369  302  251  226  220  222  223  221  222  231  246  260  270  275
  278  280  277  268  253  233  210  184  156  132  115  109  110  114  117  123
  134  154  181  213  243  267  283  296  311
    10.0-180.0 180.0   5.0 450.0                            LAT/LON1/LON2/DLON/H
  307  333  364  394  419  437  452  466  482  502  528  558  585  604  615  619
  620  615  603  588  578  584  609  646  684  712  720  704  667  619  568  520
  470  412  349  291  250  232  230  233  232  229  231  242  261  279  290  294
  292  287  279  267  251  232  211  187  162  140  125  119  118  119  121  126
  137  155  179  208  237  260  277  290  307
     7.5-180.0 180.0   5.0 450.0                            LAT/LON1/LON2/DLON/H
  305  336  371  404  430  448  461  472  483  498  520  548  577  598  608  611
  614  615  612  606  603  612  635  668  699  715  708  678  631  579  530  487
  444  395  343  299  270  261  261  262  257  250  250  261  279  297  306  305
  297  285  272  258  242  226  209  189  168  150  137  129  125  123  124  129
  139  154  176  201  227  250  268  284  305
     5.0-180.0 180.0   5.0 450.0                            LAT/LON1/LON2/DLON/H
  307  343  384  421  450  470  484  492  496  501  516  540  569  590  598  599
  601  606  612  616  620  629  648  671  689  691  671  633  584  536  497  464
  432  396  359  329  315  312  313  309  297  284  279  284  298  310  313  306
  290  272  254  239  226  214  202  188  172  158  146  137  130  124  123  128
  138  153  171  193  217  240  260  280  307
     2.5-180.0 180.0   5.0 450.0                            LAT/LON1/LON2/DLON/H
  312  354  400  443  477  502  519  526  523  517  521  540  566  586  593  589
  588  594  606  619  629  638  649  658  661  650  623  583  541  506  481  461
  440  416  393  378  375  378  377  366  346  325  312  309  312  315  309  294
  271  247  227  212  202  195  188  180  170  160  149  139  128  120  118  122
  133  148  165  186  209  232  254  279  312
