scripts/CODG1010.11I
     1.0            IONOSPHERE MAPS     GNSS                IONEX VERSION / TYPE
ADDNEQ2 V5.1        AIUB                15-APR-11 20:33     PGM / RUN BY / DATE 
CODE'S GLOBAL IONOSPHERE MAPS FOR DAY 101, 2011             COMMENT             
Global ionosphere maps (GIM) are generated on a daily basis DESCRIPTION         
at CODE using data from about 150 GPS sites of the IGS and  DESCRIPTION         
other institutions. The vertical total electron content     DESCRIPTION         
(VTEC) is modeled in a solar-geomagnetic reference frame    DESCRIPTION         
using a spherical harmonics expansion up to degree and      DESCRIPTION         
order 15. Piece-wise linear functions are used for          DESCRIPTION         
representation in the time domain. The time spacing of      DESCRIPTION         
their vertices is 2 hours, conforming with the epochs of    DESCRIPTION         
the VTEC maps. Instrumental biases, so-called differential  DESCRIPTION         
P1-P2 code biases (DCB), for all GPS satellites and ground  DESCRIPTION         
stations are estimated as constant values for each day,     DESCRIPTION         
simultaneously with the 13 times 256, or 3328 parameters    DESCRIPTION         
used to represent the global VTEC distribution. The DCB     DESCRIPTION         
datum is defined by a zero-mean condition imposed on the    DESCRIPTION         
satellite bias estimates. P1-C1 bias corrections are taken  DESCRIPTION         
into account if needed. To convert line-of-sight TEC into   DESCRIPTION         
vertical TEC, a modified single-layer model mapping         DESCRIPTION         
function approximating the JPL extended slab model mapping  DESCRIPTION         
function is adopted. The mapping function is evaluated at   DESCRIPTION         
geodetic satellite elevation angles. For the computation of DESCRIPTION         
the ionospheric pierce points, a spherical layer with a     DESCRIPTION         
radius of 6821 km is assumed, implying geocentric, not      DESCRIPTION         
geodetic IONEX latitudes.                                   DESCRIPTION         
Note: These GIM results correspond to the results for the   DESCRIPTION         
middle day of a 3-day combination analysis solving for 37   DESCRIPTION         
times 256, or 9472 VTEC parameters and one common set of    DESCRIPTION         
satellite and 24-hour receiver DCB constants.               DESCRIPTION         
Contact address: stefan.schaer or code @aiub.unibe.ch       DESCRIPTION         
Web site:        http://www.aiub.unibe.ch/ionosphere/       DESCRIPTION         
Data archive:    ftp://ftp.unibe.ch/aiub/CODE/              DESCRIPTION         
                 http://www.aiub.unibe.ch/download/CODE/    DESCRIPTION         
  2011     4    11     0     0     0                        EPOCH OF FIRST MAP  
  2011     4    12     0     0     0                        EPOCH OF LAST MAP   
  7200                                                      INTERVAL            
    13                                                      # OF MAPS IN FILE   
  NONE                                                      MAPPING FUNCTION    
    10.0                                                    ELEVATION CUTOFF    
One-way carrier phase leveled to code                       OBSERVABLES USED    
[...]
chpi chti chur cnmr coco conz cpxf crar cro1 ctwn daej dav1 COMMENT             
dgar dgav drao dubo ebre eprt faa1 fair faiv fale flin flrs COMMENT             
frdn func ganp glsv gode godz gold gope gras graz guam guat COMMENT             
guug harb hers hert hnpt hob2 hofn holb holm hrao iddr ieng COMMENT             
iisc ineg invk iqal iqui irkj irkt isba ispa joz2 joze jplv COMMENT             
karr kely kerg khaj khar kir0 kiru kit3 kokb kokv kosg kouc COMMENT             
kour lama lhaz lmmf lpal lpgs m0se mac1 madr mal2 mana mas1 COMMENT             
mat1 mate maui maw1 mccj mcil mcm4 mdvj medi mets mizu mkea COMMENT             
mobk mobs monp morp mqzg mtka nano nico nist not1 novm nrc1 COMMENT             
nril nrmd ntus nurk nya1 ohi2 ohi3 onsa opmt pado palv park COMMENT             
pdel penc pert pfa2 pie1 pimo pol2 pots pove prds ptbb qaq1 COMMENT             
quin rabt ramo rbay rcmn recf reso reun reyk rio2 riop rosa COMMENT             
roth salu sant savo scor scub sele sfer shao smst sofi spt0 COMMENT             
stjo str2 suth sutv suwn sydn syog tabv tah1 tah2 thti thu2 COMMENT             
thu3 tid1 tidb tixg tixi tlse tn22 tow2 tro1 tsea tskb twtf COMMENT             
txes uclu ufpr unb3 unbj unbn unbt unsa urum usn3 usno usud COMMENT             
vaco vald vesl vill vtsp wab1 wab2 wes2 wgtn whit will wind COMMENT             
wsrt wtza wtzr wtzs wtzz wuhn xian xmis yakt yar2 yar3 yarr COMMENT             
yell yssk zeck zim2 zimm zwe2                               COMMENT             
                                                            END OF HEADER       
[from data line 1716]
     5                                                      START OF TEC MAP    
  2011     4    11     8     0     0                        EPOCH OF CURRENT MAP
    87.5-180.0 180.0   5.0 450.0                            LAT/LON1/LON2/DLON/H
  176  177  178  179  180  181  182  183  184  185  186  187  188  189  189  190
  190  191  191  191  191  191  191  191  191  190  190  189  189  188  187  186
  185  184  184  183  182  181  180  178  177  177  176  175  174  173  172  171
  171  170  169  169  169  168  168  168  168  167  167  168  168  168  168  169
  169  170  170  171  172  173  174  175  176
    85.0-180.0 180.0   5.0 450.0                            LAT/LON1/LON2/DLON/H
  166  168  170  172  174  175  177  179  181  183  184  186  187  188  189  190
  191  191  192  192  192  192  192  191  191  190  189  189  188  186  185  184
  183  181  180  178  177  175  174  172  171  169  168  167  165  164  163  162
  161  161  160  159  159  159  158  158  158  157  157  157  157  157  158  158
  158  159  159  160  161  162  164  165  166
    82.5-180.0 180.0   5.0 450.0                            LAT/LON1/LON2/DLON/H
  156  157  159  161  163  165  167  169  170  172  174  175  177  178  179  179
  180  180  181  181  181  181  181  181  180  180  179  178  177  177  176  174
  173  172  171  169  168  167  165  164  163  162  161  160  159  159  159  158
  158  158  158  158  158  158  158  158  157  157  157  156  156  156  155  155
  154  154  153  153  153  154  154  155  156
    80.0-180.0 180.0   5.0 450.0                            LAT/LON1/LON2/DLON/H
  147  147  147  148  149  150  152  153  154  156  157  157  158  158  159  159
  159  159  160  160  160  161  161  161  161  161  161  161  161  161  161  160
  160  160  159  159  158  158  157  157  157  157  157  158  158  159  160  162
  163  164  165  166  167  168  169  169  169  169  168  167  166  165  163  162
  160  158  156  154  152  150  149  148  147
    77.5-180.0 180.0   5.0 450.0                            LAT/LON1/LON2/DLON/H
  142  139  138  136  136  135  136  136  136  136  136  135  134  134  133  133
  132  133  133  134  135  136  138  139  140  141  141  142  143  143  144  145
  146  147  148  149  150  151  151  152  154  155  157  160  162  165  169  172
  175  178  181  183  185  187  188  188  189  188  188  187  185  183  181  178
  174  170  166  162  157  153  149  145  142
    75.0-180.0 180.0   5.0 450.0                            LAT/LON1/LON2/DLON/H
  140  135  130  127  124  122  120  119  118  116  115  113  111  109  107  106
  106  106  107  109  112  114  117  119  121  122  124  125  126  128  130  132
  134  137  139  142  144  146  148  150  153  156  160  165  170  175  181  186
  191  196  200  203  205  207  209  209  210  210  209  208  206  204  201  197
  193  188  182  175  168  161  154  147  140
    72.5-180.0 180.0   5.0 450.0                            LAT/LON1/LON2/DLON/H
  142  134  126  120  115  111  108  105  102  100   97   94   91   88   86   84
   84   85   87   90   94   98  102  105  108  110  112  113  115  117  119  123
  126  130  134  138  142  145  147  150  154  158  164  170  178  186  194  201
  207  213  217  220  222  223  224  224  224  224  223  222  221  219  216  213
  209  204  197  189  181  171  161  152  142
    70.0-180.0 180.0   5.0 450.0                            LAT/LON1/LON2/DLON/H
  146  135  125  116  109  103   98   94   90   87   84   80   77   74   71   70
   70   71   75   79   85   90   95   99  102  104  105  106  108  110  113  117
  122  127  133  137  141  145  147  150  154  159  166  174  183  193  203  212
  219  223  227  228  228  228  227  227  226  225  225  224  223  222  221  219
  216  212  207  200  191  180  169  157  146
    67.5-180.0 180.0   5.0 450.0                            LAT/LON1/LON2/DLON/H
  149  137  125  115  106   98   91   86   81   78   75   72   69   66   64   62
   62   64   69   74   81   87   93   97  100  101  102  102  103  105  109  113
  119  126  132  137  142  145  147  149  152  157  164  174  185  197  208  217
  223  227  228  226  224  221  219  216  214  213  212  211  211  211  211  212
  212  211  208  203  196  186  174  162  149
    65.0-180.0 180.0   5.0 450.0                            LAT/LON1/LON2/DLON/H
  153  140  128  116  104   94   86   79   75   71   69   67   65   63   61   60
   60   62   66   72   79   86   91   95   97   98   97   97   98  100  104  110
  117  124  131  137  141  143  144  145  148  152  160  170  182  195  207  217
  222  224  222  218  212  206  201  197  194  192  190  189  188  189  191  194
  198  200  201  199  194  187  177  165  153
    62.5-180.0 180.0   5.0 450.0                            LAT/LON1/LON2/DLON/H
  156  144  132  119  106   93   83   74   69   66   64   64   64   63   61   59
   59   60   64   70   76   82   87   89   90   90   90   89   91   93   98  104
  112  120  128  134  138  140  140  140  141  145  153  164  177  191  204  213
  218  218  214  207  199  191  184  179  175  171  168  166  164  165  167  172
  179  185  189  191  189  184  177  167  156
    60.0-180.0 180.0   5.0 450.0                            LAT/LON1/LON2/DLON/H
  161  151  138  125  110   95   81   70   63   60   60   61   62   62   60   58
   57   57   59   64   69   74   77   78   78   78   77   78   80   84   90   97
  106  115  123  130  134  136  136  135  135  139  146  158  172  187  200  210
  215  214  209  201  191  182  175  169  165  161  156  152  149  148  150  156
  163  172  179  183  184  181  176  170  161
    57.5-180.0 180.0   5.0 450.0                            LAT/LON1/LON2/DLON/H
  168  159  148  134  117   99   82   69   60   55   55   57   59   60   58   56
   53   51   52   55   59   62   64   64   63   62   63   65   69   75   82   90
   99  108  117  125  130  132  133  132  133  136  143  155  170  185  199  210
  216  216  212  204  195  187  180  175  171  167  161  156  150  147  147  151
  158  167  174  179  182  181  178  174  168
    55.0-180.0 180.0   5.0 450.0                            LAT/LON1/LON2/DLON/H
  177  170  160  145  127  107   88   71   60   54   53   54   56   57   55   51
   46   44   43   45   48   50   51   50   49   49   50   54   60   67   75   84
   93  103  112  121  127  131  133  133  135  138  146  158  172  188  202  214
  222  225  223  218  211  204  199  195  193  189  184  177  169  162  159  161
  166  172  178  183  184  184  183  181  177
    52.5-180.0 180.0   5.0 450.0                            LAT/LON1/LON2/DLON/H
  187  182  172  158  139  118   97   78   65   57   54   54   55   55   51   46
   41   37   36   38   41   43   44   42   41   40   43   47   54   62   71   80
   90  100  110  119  128  134  137  140  143  147  155  166  180  195  209  223
  233  239  241  240  236  231  227  225  224  222  217  210  200  191  185  182
  184  187  190  192  192  191  190  189  187
    50.0-180.0 180.0   5.0 450.0                            LAT/LON1/LON2/DLON/H
  194  190  182  169  151  130  109   90   75   65   60   58   57   55   50   43
   37   33   33   36   41   44   45   43   42   41   43   47   54   62   71   80
   90  100  111  121  132  140  146  151  155  161  169  179  191  205  219  233
  246  256  262  263  262  258  256  254  254  254  251  244  234  224  214  208
  205  205  204  203  200  198  196  195  194
    47.5-180.0 180.0   5.0 450.0                            LAT/LON1/LON2/DLON/H
  196  193  186  174  159  141  123  106   91   79   72   67   63   58   52   44
   38   35   36   41   48   53   55   54   52   50   50   53   58   65   73   83
   93  103  115  127  138  149  157  164  171  178  186  195  206  218  231  245
  258  271  279  283  282  279  276  274  274  275  274  269  261  250  238  229
  223  219  215  211  206  202  199  198  196
    45.0-180.0 180.0   5.0 450.0                            LAT/LON1/LON2/DLON/H
  191  187  181  172  161  149  135  122  109   97   88   80   73   66   58   50
   43   41   44   51   60   67   70   70   68   65   62   62   64   69   76   86
   97  109  121  134  147  159  169  178  187  195  204  213  222  232  243  257
  271  284  293  297  295  290  284  280  279  281  282  280  273  263  251  240
  232  225  220  214  207  201  197  194  191
    42.5-180.0 180.0   5.0 450.0                            LAT/LON1/LON2/DLON/H
  179  174  169  163  157  150  143  135  125  115  105   95   86   77   68   59
   53   51   56   65   75   83   88   88   85   80   75   70   68   71   78   89
  101  114  128  141  155  168  180  190  200  210  220  229  239  248  259  271
  285  297  305  307  302  293  284  277  274  274  276  276  272  263  251  239
  230  223  218  211  204  197  190  184  179
    40.0-180.0 180.0   5.0 450.0                            LAT/LON1/LON2/DLON/H
  164  156  151  148  146  146  145  142  137  130  121  110  100   91   81   72
   65   64   68   77   88   96  101  102   99   92   83   74   69   69   77   89
  104  119  134  148  162  176  188  199  210  222  234  245  257  268  279  292
  305  315  321  320  312  299  286  275  269  268  268  269  266  258  246  235
  225  219  215  209  202  193  183  173  164
    37.5-180.0 180.0   5.0 450.0                            LAT/LON1/LON2/DLON/H
  151  140  133  131  133  137  141  144  143  139  132  123  113  104   94   86
   79   77   80   88   97  104  108  108  105   98   87   74   65   65   73   88
  106  123  139  153  167  180  193  205  217  231  245  261  276  291  307  322
  335  345  348  345  335  321  305  292  282  276  274  273  269  261  249  237
  229  224  221  216  208  196  181  166  151
    35.0-180.0 180.0   5.0 450.0                            LAT/LON1/LON2/DLON/H
  147  130  120  118  122  128  134  139  142  142  139  132  124  116  107   99
   93   90   91   96  101  105  108  108  105   98   85   71   60   60   70   87
  107  126  142  156  170  183  196  208  222  238  256  277  298  320  342  362
  379  390  393  389  380  367  353  338  325  314  307  302  296  286  274  261
  252  248  246  241  231  214  193  169  147
    32.5-180.0 180.0   5.0 450.0                            LAT/LON1/LON2/DLON/H
  158  133  118  114  117  122  127  132  137  140  140  138  132  126  119  112
  105  101  101  102  104  104  104  103  101   94   82   67   57   57   69   88
  109  128  144  159  172  185  198  212  227  245  268  294  323  353  384  412
  434  449  456  455  451  443  433  419  404  388  375  365  355  343  328  314
  304  300  297  290  276  252  222  189  158
    30.0-180.0 180.0   5.0 450.0                            LAT/LON1/LON2/DLON/H
  185  152  130  121  120  122  124  126  130  135  140  140  138  133  128  122
  116  112  110  109  107  104  101   99   98   92   81   67   57   59   72   92
  113  131  147  161  174  188  202  216  233  255  282  313  349  388  428  465
  496  517  530  536  539  540  538  528  512  493  474  459  445  431  414  398
  386  379  374  363  342  310  270  227  185
    27.5-180.0 180.0   5.0 450.0                            LAT/LON1/LON2/DLON/H
  228  184  154  139  133  130  126  124  125  132  139  142  142  139  135  130
  126  122  120  118  114  108  103  101  100   95   85   72   64   67   80  100
  119  136  150  163  177  192  207  223  243  268  298  334  375  421  469  514
  553  582  602  617  631  643  650  647  633  611  589  570  554  538  520  502
  488  479  469  453  424  383  333  280  228
    25.0-180.0 180.0   5.0 450.0                            LAT/LON1/LON2/DLON/H
  280  226  187  164  153  145  136  128  126  131  140  145  145  143  140  136
  133  132  131  130  125  118  112  109  108  104   94   82   75   78   92  110
  127  141  154  167  182  198  215  233  256  283  316  354  398  447  500  551
  596  632  659  682  705  728  744  749  739  719  696  677  661  646  629  610
  595  582  568  545  508  459  402  341  280
    22.5-180.0 180.0   5.0 450.0                            LAT/LON1/LON2/DLON/H
  333  271  223  193  176  164  151  139  133  136  144  149  149  146  143  140
  139  140  142  143  140  133  126  123  121  117  107   95   88   92  104  119
  134  146  159  173  189  206  225  246  271  301  336  374  417  465  518  570
  616  654  685  714  744  775  799  811  807  791  772  757  746  734  719  702
  686  671  653  624  581  526  465  400  333
    20.0-180.0 180.0   5.0 450.0                            LAT/LON1/LON2/DLON/H
  381  313  256  219  200  187  172  156  146  146  151  155  154  149  145  143
  143  147  152  156  155  149  143  139  136  130  119  106   99  102  113  127
  139  151  164  180  197  216  237  260  288  320  356  392  432  475  522  569
  611  646  676  705  738  772  801  818  821  813  802  794  790  785  775  760
  745  729  708  675  628  573  513  449  381
    17.5-180.0 180.0   5.0 450.0                            LAT/LON1/LON2/DLON/H
  417  347  285  243  222  211  197  179  165  160  162  163  160  154  148  146
  147  151  158  165  166  162  157  152  148  140  127  112  105  107  117  130
  142  155  170  187  207  228  249  275  305  339  375  409  443  478  515  553
  586  612  634  659  688  721  751  772  781  782  782  784  790  792  788  776
  763  748  726  691  645  592  539  482  417
    15.0-180.0 180.0   5.0 450.0                            LAT/LON1/LON2/DLON/H
  441  374  310  265  245  237  225  206  188  178  175  173  168  160  154  150
  150  154  162  169  171  169  163  158  152  142  126  111  103  105  115  129
  143  158  175  196  218  240  262  289  321  357  392  424  452  479  506  531
  550  563  574  589  611  638  665  687  702  712  723  737  751  760  761  753
  741  728  708  674  630  584  541  497  441
    12.5-180.0 180.0   5.0 450.0                            LAT/LON1/LON2/DLON/H
  456  397  334  290  272  267  259  239  215  198  191  186  179  170  162  157
  155  157  162  168  170  167  161  155  147  135  118  102   95   98  110  125
  142  160  182  205  229  252  275  302  334  371  406  437  461  482  500  513
  518  517  515  519  532  551  572  593  611  629  649  671  692  706  708  702
  692  681  663  633  593  555  526  498  456
    10.0-180.0 180.0   5.0 450.0                            LAT/LON1/LON2/DLON/H
  467  420  364  322  307  306  299  276  246  222  209  202  195  185  176  168
  163  160  161  163  162  158  152  145  136  122  105   90   84   88  102  120
  141  163  188  214  239  262  285  312  344  380  416  447  471  490  503  508
  503  490  477  472  476  488  503  519  538  560  584  611  634  648  650  642
  632  623  609  583  547  517  501  491  467
     7.5-180.0 180.0   5.0 450.0                            LAT/LON1/LON2/DLON/H
  478  448  402  366  353  354  346  318  281  249  231  223  215  205  194  183
  173  165  161  157  153  147  139  131  121  107   91   78   73   80   96  117
  140  166  193  221  247  270  293  317  348  383  420  453  480  502  517  521
  512  493  474  464  464  471  480  491  506  527  551  577  598  608  604  592
  580  572  561  538  506  482  477  483  478
     5.0-180.0 180.0   5.0 450.0                            LAT/LON1/LON2/DLON/H
  494  481  448  419  410  410  399  365  319  280  257  247  240  229  215  199
  184  172  161  153  145  136  127  118  107   94   80   69   67   75   92  115
  141  168  196  224  250  274  295  318  345  379  416  452  486  516  539  549
  543  526  509  501  503  508  512  517  525  540  559  579  593  595  583  563
  547  538  530  510  480  459  461  481  494
     2.5-180.0 180.0   5.0 450.0                            LAT/LON1/LON2/DLON/H
  511  516  498  478  471  469  453  412  358  312  286  275  267  254  236  216
  196  178  164  151  140  129  119  109   99   87   75   66   65   74   91  114
  141  168  195  222  248  271  291  311  335  367  404  444  484  525  560  582
  587  579  572  573  581  589  591  588  587  592  601  612  616  609  587  558
  536  526  519  502  472  450  454  483  511
