scripts/CODG1010.11I
     1.0            IONOSPHERE MAPS     GNSS                IONEX VERSION / TYPE
ADDNEQ2 V5.1        AIUB                15-APR-11 20:33     PGM / RUN BY / DATE 
CODE'S GLOBAL IONOSPHERE MAPS FOR DAY 101, 2011             COMMENT             
Global ionosphere maps (GIM) are generated on a daily basis DESCRIPTION         
at CODE using data from about 150 GPS sites of the IGS and  DESCRIPTION         
other institutions. The vertical total electron content     DESCRIPTION         
(VTEC) is modeled in a solar-geomagnetic reference frame    DESCRIPTION         
using a spherical harmonics expansion up to degree and      DESCRIPTION         
order 15. Piece-wise linear functions are used for          DESCRIPTION         
representation in the time domain. The time spacing of      DESCRIPTION         
their vertices is 2 hours, conforming with the epochs of    DESCRIPTION         
the VTEC maps. Instrumental biases, so-called differential  DESCRIPTION         
P1-P2 code biases (DCB), for all GPS satellites and ground  DESCRIPTION         
stations are estimated as constant values for each day,     DESCRIPTION         
simultaneously with the 13 times 256, or 3328 parameters    DESCRIPTION         
used to represent the global VTEC distribution. The DCB     DESCRIPTION         
datum is defined by a zero-mean condition imposed on the    DESCRIPTION         
satellite bias estimates. P1-C1 bias corrections are taken  DESCRIPTION         
into account if needed. To convert line-of-sight TEC into   DESCRIPTION         
vertical TEC, a modified single-layer model mapping         DESCRIPTION         
function approximating the JPL extended slab model mapping  DESCRIPTION         
function is adopted. The mapping function is evaluated at   DESCRIPTION         
geodetic satellite elevation angles. For the computation of DESCRIPTION         
the ionospheric pierce points, a spherical layer with a     DESCRIPTION         
radius of 6821 km is assumed, implying geocentric, not      DESCRIPTION         
geodetic IONEX latitudes.                                   DESCRIPTION         
Note: These GIM results correspond to the results for the   DESCRIPTION         
middle day of a 3-day combination analysis solving for 37   DESCRIPTION         
times 256, or 9472 VTEC parameters and one common set of    DESCRIPTION         
satellite and 24-hour receiver DCB constants.               DESCRIPTION         
Contact address: stefan.schaer or code @aiub.unibe.ch       DESCRIPTION         
Web site:        http://www.aiub.unibe.ch/ionosphere/       DESCRIPTION         
Data archive:    ftp://ftp.unibe.ch/aiub/CODE/              DESCRIPTION         
                 http://www.aiub.unibe.ch/download/CODE/    DESCRIPTION         
  2011     4    11     0     0     0                        EPOCH OF FIRST MAP  
  2011     4    12     0     0     0                        EPOCH OF LAST MAP   
  7200                                                      INTERVAL            
    13                                                      # OF MAPS IN FILE   
  NONE                                                      MAPPING FUNCTION    
    10.0                                                    ELEVATION CUTOFF    
One-way carrier phase leveled to code                       OBSERVABLES USED    
[...]
chpi chti chur cnmr coco conz cpxf crar cro1 ctwn daej dav1 COMMENT             
dgar dgav drao dubo ebre eprt faa1 fair faiv fale flin flrs COMMENT             
frdn func ganp glsv gode godz gold gope gras graz guam guat COMMENT             
guug harb hers hert hnpt hob2 hofn holb holm hrao iddr ieng COMMENT             
iisc ineg invk iqal iqui irkj irkt isba ispa joz2 joze jplv COMMENT             
karr kely kerg khaj khar kir0 kiru kit3 kokb kokv kosg kouc COMMENT             
kour lama lhaz lmmf lpal lpgs m0se mac1 madr mal2 mana mas1 COMMENT             
mat1 mate maui maw1 mccj mcil mcm4 mdvj medi mets mizu mkea COMMENT             
mobk mobs monp morp mqzg mtka nano nico nist not1 novm nrc1 COMMENT             
nril nrmd ntus nurk nya1 ohi2 ohi3 onsa opmt pado palv park COMMENT             
pdel penc pert pfa2 pie1 pimo pol2 pots pove prds ptbb qaq1 COMMENT             
quin rabt ramo rbay rcmn recf reso reun reyk rio2 riop rosa COMMENT             
roth salu sant savo scor scub sele sfer shao smst sofi spt0 COMMENT             
stjo str2 suth sutv suwn sydn syog tabv tah1 tah2 thti thu2 COMMENT             
thu3 tid1 tidb tixg tixi tlse tn22 tow2 tro1 tsea tskb twtf COMMENT             
txes uclu ufpr unb3 unbj unbn unbt unsa urum usn3 usno usud COMMENT             
vaco vald vesl vill vtsp wab1 wab2 wes2 wgtn whit will wind COMMENT             
wsrt wtza wtzr wtzs wtzz wuhn xian xmis yakt yar2 yar3 yarr COMMENT             
yell yssk zeck zim2 zimm zwe2                               COMMENT             
                                                            END OF HEADER       
[from data line 3432]
     9                                                      START OF TEC MAP    
  2011     4    11    16     0     0                        EPOCH OF CURRENT MAP
    87.5-180.0 180.0   5.0 450.0                            LAT/LON1/LON2/DLON/H
  138  139  139  140  141  141  142  142  143  143  144  144  144  144  144  144
  144  144  143  143  142  142  141  141  140  139  138  138  137  136  135  135
  134  133  133  132  132  131  131  131  131  130  130  130  130  130  131  131
  131  131  131  131  132  132  132  132  132  132  133  133  133  133  133  134
  134  134  135  135  136  136  137  138  138
    85.0-180.0 180.0   5.0 450.0                            LAT/LON1/LON2/DLON/H
  139  141  142  144  146  147  148  150  151  152  153  153  154  154  154  154
  153  152  152  151  149  148  147  145  144  142  141  139  137  136  134  133
  131  130  129  127  127  126  125  125  125  125  126  126  127  127  128  129
  130  131  131  132  132  133  133  133  133  133  133  133  132  132  132  132
  132  133  133  134  135  136  137  138  139
    82.5-180.0 180.0   5.0 450.0                            LAT/LON1/LON2/DLON/H
  141  144  146  149  151  154  156  158  160  162  163  163  164  164  163  163
  162  161  159  157  156  154  152  149  147  145  143  140  138  136  133  131
  129  127  125  123  122  121  120  120  120  121  122  123  125  127  129  131
  133  135  136  137  138  139  139  139  138  138  137  135  134  133  132  132
  132  132  132  133  134  135  137  139  141
    80.0-180.0 180.0   5.0 450.0                            LAT/LON1/LON2/DLON/H
  146  149  152  156  159  162  165  168  170  171  173  173  173  173  172  170
  169  167  165  162  160  158  155  153  151  149  146  144  141  138  136  133
  130  127  124  122  120  118  118  117  118  119  121  123  126  129  132  136
  139  142  144  146  148  148  148  148  146  145  143  140  138  136  134  133
  132  132  132  133  135  137  140  143  146
    77.5-180.0 180.0   5.0 450.0                            LAT/LON1/LON2/DLON/H
  153  157  161  164  168  171  174  177  179  181  182  182  182  181  179  177
  174  171  169  166  164  162  160  158  156  154  152  150  148  145  142  139
  135  132  128  125  122  120  118  118  118  119  121  124  128  132  137  141
  145  149  152  155  157  157  157  156  154  151  148  145  142  139  136  135
  134  134  134  136  138  141  145  149  153
    75.0-180.0 180.0   5.0 450.0                            LAT/LON1/LON2/DLON/H
  161  165  169  173  176  179  182  185  187  188  189  189  188  187  184  182
  179  175  173  170  168  167  166  165  164  163  162  161  158  156  153  149
  145  141  137  132  128  125  123  121  121  122  124  127  131  135  140  145
  150  154  157  160  162  162  162  160  157  154  151  147  143  140  137  135
  134  135  136  139  142  147  151  156  161
    72.5-180.0 180.0   5.0 450.0                            LAT/LON1/LON2/DLON/H
  166  170  174  178  181  183  186  188  191  192  193  194  193  191  189  186
  183  180  178  176  175  175  175  176  176  176  175  174  172  169  166  162
  158  153  148  142  137  133  129  127  126  126  127  130  133  137  142  146
  150  154  156  158  160  160  159  157  154  151  147  143  140  137  134  133
  132  133  136  140  144  150  155  161  166
    70.0-180.0 180.0   5.0 450.0                            LAT/LON1/LON2/DLON/H
  165  170  173  176  178  181  183  186  189  192  194  195  195  194  192  190
  188  186  185  185  186  187  189  190  191  191  190  189  186  183  179  174
  170  164  158  152  146  141  136  133  131  130  131  132  135  138  140  143
  145  147  148  149  150  150  149  147  144  141  138  135  132  129  127  126
  126  127  130  135  140  147  153  159  165
    67.5-180.0 180.0   5.0 450.0                            LAT/LON1/LON2/DLON/H
  155  159  163  165  168  170  173  177  181  186  189  192  193  194  193  193
  192  193  194  196  198  201  204  206  207  207  205  202  198  193  188  183
  178  173  167  160  154  147  142  137  135  133  133  134  135  136  137  137
  136  136  135  134  134  133  132  131  129  127  125  122  120  118  116  115
  115  116  119  123  128  135  142  149  155
    65.0-180.0 180.0   5.0 450.0                            LAT/LON1/LON2/DLON/H
  135  139  143  146  149  152  157  162  169  175  181  185  188  190  192  194
  196  199  202  206  211  216  219  221  221  219  215  210  204  198  192  187
  182  177  171  165  158  151  145  140  137  136  135  136  136  135  133  130
  127  123  120  118  116  115  114  113  113  111  110  109  107  106  104  103
  102  101  102  105  109  115  122  129  135
    62.5-180.0 180.0   5.0 450.0                            LAT/LON1/LON2/DLON/H
  108  113  117  120  124  130  137  145  154  162  169  175  180  184  187  192
  197  202  209  215  221  227  230  232  231  227  221  213  205  198  191  186
  182  177  172  166  159  153  147  142  140  139  139  139  138  136  132  126
  120  113  107  103  101  100   99   99   99   99   99   98   98   97   95   92
   89   86   84   84   86   90   96  102  108
    60.0-180.0 180.0   5.0 450.0                            LAT/LON1/LON2/DLON/H
   80   85   89   94  100  108  118  129  140  150  158  164  169  174  180  186
  194  203  212  219  226  232  235  236  234  228  220  211  202  194  188  183
  180  176  172  167  160  154  149  145  144  144  145  146  146  143  137  129
  119  109  102   96   93   92   92   92   93   93   93   93   94   93   91   87
   82   76   70   67   65   66   70   75   80
    57.5-180.0 180.0   5.0 450.0                            LAT/LON1/LON2/DLON/H
   58   63   68   74   82   93  105  119  132  142  150  155  159  163  170  179
  189  200  210  219  225  230  233  234  231  225  216  206  197  190  185  182
  180  177  174  169  163  158  154  152  152  153  156  158  158  155  148  138
  126  114  104   98   94   93   94   94   94   95   95   96   97   96   94   89
   82   74   65   58   53   51   51   54   58
    55.0-180.0 180.0   5.0 450.0                            LAT/LON1/LON2/DLON/H
   48   52   57   64   74   87  103  118  131  141  146  148  150  153  160  170
  183  195  205  213  219  223  225  226  223  218  211  203  196  190  187  185
  184  183  180  175  171  166  164  163  165  168  172  175  176  173  165  153
  139  125  114  107  104  103  104  104  104  104  104  105  106  106  104  100
   92   82   71   61   53   48   46   46   48
    52.5-180.0 180.0   5.0 450.0                            LAT/LON1/LON2/DLON/H
   53   55   60   67   79   94  111  127  140  147  148  146  144  146  152  163
  177  189  199  205  209  212  214  216  215  213  209  204  200  197  196  196
  196  194  191  187  183  180  179  180  183  187  192  195  196  193  184  171
  155  140  129  121  118  118  118  118  117  116  116  117  118  120  119  116
  109  100   89   78   69   62   56   54   53
    50.0-180.0 180.0   5.0 450.0                            LAT/LON1/LON2/DLON/H
   72   71   75   82   95  111  128  144  155  159  156  150  144  143  148  159
  173  185  193  198  200  202  204  207  210  212  212  212  211  212  213  214
  214  212  208  204  200  198  199  201  205  210  214  216  216  212  202  188
  171  155  143  135  133  132  133  132  130  129  128  129  131  133  135  133
  129  122  114  105   96   88   80   75   72
    47.5-180.0 180.0   5.0 450.0                            LAT/LON1/LON2/DLON/H
   98   96   98  104  116  132  150  165  174  175  168  158  149  145  150  160
  173  184  190  193  194  195  199  204  210  216  220  225  229  232  235  236
  236  233  229  225  221  220  222  225  229  232  234  234  233  227  216  200
  182  165  152  145  142  142  142  141  139  137  137  138  140  144  146  147
  147  144  140  134  127  120  112  104   98
    45.0-180.0 180.0   5.0 450.0                            LAT/LON1/LON2/DLON/H
  125  121  122  127  138  153  169  183  191  190  181  168  157  153  156  166
  177  186  191  192  193  195  200  207  216  224  233  242  250  256  260  261
  260  257  253  249  245  245  246  249  252  252  251  248  243  236  223  206
  186  168  155  148  145  145  145  144  142  140  140  141  144  148  152  155
  157  158  159  158  155  149  142  133  125
    42.5-180.0 180.0   5.0 450.0                            LAT/LON1/LON2/DLON/H
  146  141  140  144  153  167  182  196  203  201  192  180  169  165  167  175
  185  192  196  197  198  201  208  216  226  236  247  260  271  280  285  286
  286  284  281  276  273  271  272  273  273  269  264  257  249  239  225  206
  186  167  153  145  143  142  142  141  139  138  139  140  143  146  150  154
  158  162  167  170  171  169  162  154  146
    40.0-180.0 180.0   5.0 450.0                            LAT/LON1/LON2/DLON/H
  154  149  148  150  158  170  185  199  207  207  201  192  183  180  181  187
  194  200  203  205  208  213  221  229  238  247  260  276  291  303  310  313
  314  314  313  310  305  301  299  296  292  285  275  264  253  241  225  205
  183  163  149  140  137  136  136  135  134  134  135  137  139  141  144  146
  150  155  162  168  173  173  169  162  154
    37.5-180.0 180.0   5.0 450.0                            LAT/LON1/LON2/DLON/H
  150  147  145  147  153  164  178  193  204  208  207  203  198  196  197  200
  205  209  212  215  221  228  236  243  249  257  271  290  311  327  336  342
  347  353  355  353  345  337  329  322  313  300  286  273  260  246  229  208
  185  164  148  138  134  132  131  130  130  132  133  135  136  136  136  136
  138  141  147  154  160  163  161  156  150
    35.0-180.0 180.0   5.0 450.0                            LAT/LON1/LON2/DLON/H
  138  136  134  135  140  150  165  182  196  205  210  213  214  213  213  214
  215  218  222  227  235  244  251  256  258  265  281  306  333  355  369  379
  390  402  409  407  395  380  364  351  337  321  304  288  273  259  241  219
  195  172  155  144  137  134  132  132  133  134  137  138  137  136  133  130
  128  127  129  134  140  143  143  141  138
    32.5-180.0 180.0   5.0 450.0                            LAT/LON1/LON2/DLON/H
  123  122  121  121  124  134  150  170  188  203  214  223  228  230  229  226
  225  227  232  239  248  258  265  267  267  273  294  327  363  393  413  428
  446  464  475  472  455  430  406  385  367  348  329  312  297  282  263  240
  215  191  172  158  150  146  143  142  143  145  147  148  146  143  139  133
  126  120  116  117  120  123  124  123  123
    30.0-180.0 180.0   5.0 450.0                            LAT/LON1/LON2/DLON/H
  112  112  111  110  112  121  139  161  183  202  218  232  242  246  244  239
  236  238  243  252  262  272  277  277  277  286  314  358  405  443  469  490
  514  538  551  545  520  485  452  425  404  383  364  346  330  314  294  270
  244  219  198  182  172  166  163  162  163  165  166  166  164  160  155  148
  138  126  117  111  110  111  111  111  112
    27.5-180.0 180.0   5.0 450.0                            LAT/LON1/LON2/DLON/H
  110  110  108  105  106  115  134  159  183  204  224  242  255  260  257  251
  248  251  257  266  276  285  290  290  292  308  346  403  462  508  538  562
  588  616  630  619  584  539  499  468  445  425  405  387  370  351  329  304
  277  251  229  212  200  194  190  189  190  191  193  192  190  187  183  176
  164  148  133  122  115  112  111  110  110
    25.0-180.0 180.0   5.0 450.0                            LAT/LON1/LON2/DLON/H
  118  116  113  108  108  117  137  163  188  210  230  250  265  271  269  264
  262  266  274  283  291  299  304  307  315  340  390  460  530  581  612  635
  662  688  699  682  639  586  540  509  487  468  449  429  408  386  361  334
  307  282  260  242  231  225  223  222  223  224  225  224  223  221  219  214
  202  184  164  148  137  129  124  120  118
    22.5-180.0 180.0   5.0 450.0                            LAT/LON1/LON2/DLON/H
  133  128  122  116  115  124  145  172  196  217  236  255  271  279  279  277
  278  285  294  302  309  315  322  330  346  383  445  526  602  654  682  700
  721  744  749  725  674  617  571  542  524  508  488  465  440  411  382  353
  328  305  286  271  261  257  257  257  258  259  260  260  259  259  259  255
  245  227  206  186  170  158  148  139  133
    20.0-180.0 180.0   5.0 450.0                            LAT/LON1/LON2/DLON/H
  150  141  132  124  122  132  154  180  204  222  238  256  273  283  287  288
  294  305  316  323  328  334  344  359  385  432  505  591  668  716  735  744
  757  772  771  740  686  629  587  565  553  539  518  491  459  423  389  360
  337  320  305  294  288  287  290  293  294  296  297  297  296  296  297  295
  286  269  248  226  208  192  176  162  150
    17.5-180.0 180.0   5.0 450.0                            LAT/LON1/LON2/DLON/H
  163  149  138  129  127  137  160  186  207  223  237  254  271  284  292  299
  310  325  337  345  349  356  369  392  427  482  560  646  717  755  762  759
  762  769  762  727  673  622  589  576  570  559  537  504  464  421  382  353
  336  327  320  314  312  316  322  327  330  332  334  334  332  330  328  326
  318  302  281  260  241  222  201  180  163
    15.0-180.0 180.0   5.0 450.0                            LAT/LON1/LON2/DLON/H
  166  149  136  126  125  136  159  185  206  220  233  249  267  282  294  307
  323  341  356  364  368  378  396  425  467  526  602  682  741  764  757  742
  736  737  726  692  643  601  580  577  577  568  544  506  459  409  367  340
  331  331  332  333  336  343  352  359  363  366  369  368  364  357  350  344
  334  319  300  281  262  241  216  189  166
    12.5-180.0 180.0   5.0 450.0                            LAT/LON1/LON2/DLON/H
  161  140  126  117  116  128  151  177  199  214  227  243  261  280  296  313
  332  353  370  379  386  398  421  455  500  558  626  692  735  743  723  698
  687  684  674  645  606  576  567  573  577  568  542  501  449  395  351  329
  328  338  348  355  361  370  380  387  392  396  399  398  389  376  361  348
  334  318  301  283  266  245  218  188  161
    10.0-180.0 180.0   5.0 450.0                            LAT/LON1/LON2/DLON/H
  148  126  111  103  103  115  138  166  190  207  222  238  258  279  298  318
  339  361  379  390  401  417  443  479  523  575  631  680  705  697  668  639
  627  627  622  602  575  558  559  570  576  566  538  495  441  386  345  328
  335  353  370  380  387  396  404  410  415  419  422  419  406  384  360  338
  319  301  285  270  255  236  208  177  148
     7.5-180.0 180.0   5.0 450.0                            LAT/LON1/LON2/DLON/H
  133  111   97   89   89  101  124  153  181  202  220  238  259  281  302  323
  344  365  383  398  412  432  461  496  536  578  619  650  659  640  607  579
  572  578  583  575  562  556  562  574  577  564  535  493  441  390  352  341
  354  378  398  407  412  416  420  424  427  430  433  428  411  381  348  318
  293  273  257  245  233  217  192  162  133
     5.0-180.0 180.0   5.0 450.0                            LAT/LON1/LON2/DLON/H
  122  101   87   80   80   90  112  143  175  202  224  244  265  287  309  330
  350  369  387  404  422  445  475  507  541  573  599  615  610  586  555  535
  536  552  568  573  571  572  580  586  582  565  535  497  451  406  374  368
  385  409  426  431  428  425  424  423  424  427  429  423  401  367  327  291
  262  240  225  215  207  195  175  148  122
     2.5-180.0 180.0   5.0 450.0                            LAT/LON1/LON2/DLON/H
  117   99   87   79   78   86  107  139  175  207  233  254  275  298  320  340
  358  374  391  410  432  457  486  515  542  564  580  584  574  550  526  516
  528  554  580  595  601  605  608  605  591  568  539  505  468  431  406  402
  418  438  447  442  429  417  409  404  403  405  407  400  377  341  299  261
  231  209  194  187  183  176  161  140  117
